1.86
4.5
7.41000000000001
5.66
6.84999999999999
7.87
7.25999999999999
1.25
5.61000000000001
6.09999999999999
4.16999999999999
7.05000000000001
8.09
7.38999999999999
2.40000000000001
7.81999999999999
1.85000000000002
5.69
1.68000000000001
0.819999999999993
6.97
0.47999999999999
0.689999999999998
1.04000000000002
3.35999999999999
6.75999999999999
8.63000000000002
7.88999999999999
2.21000000000001
2.72
1.19999999999999
1.46000000000001
1.84
6.03999999999999
8.39000000000002
5.63
4.38999999999999
0.870000000000005
4.77999999999997
2.02000000000004
8.03999999999996
3.37
7.66000000000003
7.54000000000002
0.70999999999998
0.71999999999997
0.75
0.830000000000041
2.18000000000001
0.349999999999966
3.94999999999999
4.83000000000004
0.456666666666649
0.456666666666706
0.456666666666649
1.19999999999999
0.629999999999995
2.48000000000002
0.229999999999961
0.850000000000023
1.96999999999997
1.05000000000001
2.66000000000002
3.39999999999998
0.28000000000003
5.34999999999997
5.86000000000001
3.02999999999997
4.60000000000002
4.83999999999998
0.470000000000027
0.689999999999998
0.769999999999982
4.37
0.54000000000002
2.24000000000001
1.13999999999999
2.06999999999999
0.54000000000002
0.310000000000002
0.289999999999964
0.319999999999993
3.02000000000004
0.170000000000016
2.27999999999997
0.639999999999986
0.319999999999993
0.170000000000016
0.699999999999989
0.810000000000002
1.63
0.620000000000005
2.52000000000004
0.909999999999968
0.560000000000002
0.639999999999986
3.10000000000002
3.35000000000002
1.36999999999995
2.73000000000002
3.06999999999999
0.420000000000016
0.430000000000007
2.48666666666668
2.48666666666662
2.48666666666668
0.54000000000002
0.649999999999977
0.29000000000002
2.81
1.14999999999998
0.920000000000016
0.279999999999973
0.29000000000002
3.47000000000003
0.439999999999998
0.609999999999957
0.689999999999998
3.52000000000004
2.57999999999998
0.53000000000003
1.35999999999996
0.840000000000032
0.449999999999989
2.25
0.54000000000002
1.59999999999997
0.220000000000027
0.70999999999998
0.579999999999984
0.319999999999993
0.189999999999998
0.430000000000007
0.420000000000016
3.22000000000003
0.489999999999952
0.230000000000018
2.51999999999998
4.16000000000003
0.949999999999989
0.460000000000036
0.329999999999984
0.800000000000011
0.789999999999964
1.71000000000004
2.86666666666667
2.86666666666662
2.86666666666667
0.29000000000002
0.5
3.93000000000001
6.93000000000001
7.00999999999999
6.80000000000001
6.78999999999996
7.13
0.629999999999995
0.350000000000023
5.06999999999999
8.07999999999998
8.10000000000002
7.35000000000002
3.55999999999995
5.68000000000006
1.46999999999991
0.330000000000041
2.50999999999999
3.06000000000006
6.86000000000001
0.669999999999959
5.96000000000004
1.58999999999992
2.07000000000005
3.31999999999994
3.04000000000008
6.10000000000002
6.59999999999991
6.05000000000007
0.909999999999968
2.88
5.16999999999996
1.04000000000008
0.939999999999941
2.39999999999998
2.94000000000005
3.64999999999998
4.00999999999999
4.72000000000003
2.19000000000005
2.01999999999998
4.45999999999992
7.13
2.57000000000005
2.02999999999997
4.26833333333332
4.26833333333332
4.26833333333343
4.26833333333332
4.26833333333332
4.26833333333332
1.13999999999999
7.75999999999999
1.98000000000002
7.97000000000003
3.10000000000002
2.45999999999992
2.10000000000002
4.14999999999998
3.48000000000002
8.33000000000004
6.21000000000004
10.04
7.33000000000004
7.64999999999998
7.36000000000001
6.76999999999998
4.76999999999998
3.13999999999999
7.08000000000004
8.89999999999998
10.0599999999999
7.15000000000009
3.51999999999998
8.79999999999995
9.88999999999999
9.80000000000007
6.02999999999997
8.30999999999995
7.38
9.98000000000002
8.29000000000008
2.88
4.89999999999998
4.20999999999992
6.19000000000005
8.47000000000003
11.3
10.45
11.53
11.37
10.76
11.6
11.68
11.3000000000001
11.5799999999999
11.5400000000001
10.04
7.17999999999995
3.23000000000002
6.74000000000001
1.55999999999995
8.25
8.28999999999996
11.95
11.23
7.65000000000009
6.28999999999996
7.87999999999988
5.21000000000004
4.23000000000002
4.24000000000001
6.33000000000015
2.69999999999982
2.42000000000007
9.08999999999992
5.17000000000007
7.27999999999997
4.91000000000008
2.16999999999985
0.480000000000018
1.04000000000019
1.04999999999995
6.44000000000005
10.4599999999998
11.5
7.74000000000001
1.40000000000009
6.95000000000005
3.86999999999989
5.34000000000015
9.53999999999996
11.1899999999998
9.88000000000011
4.28999999999996
8.18000000000006
7
8.82999999999993
12.1300000000001
1.50999999999999
15.97
9.67999999999984
7.99000000000001
5.42000000000007
8.13000000000011
9.22999999999979
11.6700000000001
6.20000000000005
3.84999999999991
10.27
5.36200000000008
5.36199999999985
5.36200000000008
5.36200000000008
5.36199999999985
5.36200000000008
5.36200000000008
5.36199999999985
5.36200000000008
5.36200000000008
5.36199999999985
5.36200000000008
5.36200000000008
5.36199999999985
5.36200000000008
6.53999999999996
2.36000000000013
9.64999999999986
4.44000000000005
11.54
8.83857142857141
8.83857142857141
8.83857142857141
8.83857142857164
8.83857142857141
8.83857142857141
8.83857142857141
9.56999999999994
6.50142857142851
6.50142857142873
6.50142857142851
6.50142857142851
6.50142857142851
6.50142857142873
6.50142857142851
8.96000000000004
4.20000000000005
3.75999999999999
7.00999999999999
5.32999999999993
8.15000000000009
9.31999999999994
8.29999999999995
4.19000000000005
3.09999999999991
5.66000000000008
5.36999999999989
4.52000000000021
2.77999999999997
5.73000000000002
4.87999999999988
8.98000000000002
3.21000000000004
1.1099999999999
1.84000000000015
2.43999999999983
9.73000000000002
7.28999999999996
5.45000000000005
2.67000000000007
4.25333333333333
4.25333333333333
4.25333333333333
5.41000000000008
1.87999999999988
8.01999999999998
9.22000000000003
6.72000000000003
4.21500000000015
4.21499999999992
1.79999999999995
10.3699999999999
5.96000000000004
6.74000000000001
5.19000000000005
7.20000000000005
7.16999999999985
9.45000000000005
7.85000000000014
6.80999999999995
1.38999999999987
2.07000000000016
4.98000000000002
8.78999999999996
8.86999999999989
6.18000000000006
3.25
1.00999999999999
3.67000000000007
5.00999999999999
2.39999999999986
5.71000000000004
0.450000000000046
4.17000000000007
0.8599999999999
4.41000000000008
6.51999999999998
7.14999999999986
5.44499999999994
5.44500000000016
5.84999999999991
4.18000000000006
0.880000000000109
2.48000000000002
6.52999999999997
2.11999999999989
3.05999999999995
7.55000000000018
2.12999999999988
3.43000000000006
6.15999999999985
0.790000000000191
3.25
0.409999999999855
4.31000000000017
5.41999999999985
5.76999999999998
0.680000000000064
0.8599999999999
0.300000000000182
3.14999999999986
0.480000000000018
3.80999999999995
0.269999999999982
3.86000000000013
2.80999999999995
5.12000000000012
1.53999999999996
0.75
1.94000000000005
4.67999999999984
3.60000000000014
0.289999999999964
0.240000000000009
0.409999999999855
0.820000000000164
0.319999999999936
0.869999999999891
0.570000000000164
1.47000000000003
1.59999999999991
0.490000000000009
0.954999999999927
0.955000000000155
1.27999999999997
0.3599999999999
0.75
1.21000000000004
0.349999999999909
0.660000000000082
1.48500000000013
1.4849999999999
0.190000000000055
0.660000000000082
0.659999999999855
3.44000000000005
0.449999999999818
0.269999999999982
2.01000000000022
1.04999999999973
1.18000000000029
1.95499999999993
1.95499999999993
0.240000000000236
0.389999999999873
0.230000000000018
0.279999999999745
2.78999999999996
0.210000000000036
0.265000000000327
0.264999999999873
1.00999999999976
0.25
0.270000000000437
3.53999999999996
3.41999999999962
3.18000000000029
3.05999999999995
2.98000000000002
2.40999999999985
0.25
0.510000000000218
3.25999999999976
0.460000000000036
0.5300000000002
3.27999999999975
0.579999999999927
0.740000000000237
2
2.63000000000011
3.25999999999976
0.849999999999909
0.260000000000218
0.300000000000182
3.01999999999998
0.669999999999618
0.390000000000327
0.769999999999982
0.480000000000018
3.65999999999985
0.760000000000218
0.309999999999945
0.309999999999945
2.13999999999987
2.86000000000013
1.32999999999993
1.19999999999982
4.10000000000036
4.51999999999998
5.42999999999984
6.00999999999976
3.68000000000029
0.539999999999964
0.529999999999745
0.460000000000036
0.990000000000237
3.11000000000013
0.759999999999764
1.92999999999984
0.730000000000018
0.300000000000182
2.80999999999995
3.84000000000015
0.369999999999891
4.76499999999987
4.76500000000033
1.11999999999989
0.319999999999709
2.23000000000002
1.32000000000016
0.920000000000073
1.59000000000015
0.759999999999764
0.470000000000255
0.679999999999836
2.13999999999987
2.13999999999987
0.460000000000036
2.12000000000035
3.94000000000005
3.69499999999971
3.69500000000016
0.650000000000091
5.11999999999989
5.54999999999973
4.84000000000015
5
3.94000000000005
0.639999999999873
7.91000000000031
3.21500000000015
3.21499999999969
1.96000000000004
6.80999999999995
4.11000000000013
6.90999999999985
8.84999999999991
7.66000000000031
9.86999999999989
9.44999999999982
6.34000000000015
2.48000000000002
3.98999999999978
3.99000000000024
0.789999999999964
4.78999999999996
3.05000000000018
7.10999999999967
9.73000000000002
10.0300000000002
9.94000000000005
10.0099999999998
8.61000000000013
5.07499999999982
5.07500000000027
5.53999999999996
1.84999999999991
1.84999999999991
3.20000000000027
7.26714285714297
7.26714285714252
7.26714285714297
7.26714285714297
7.26714285714297
7.26714285714252
7.26714285714297
0.590000000000146
8.21000000000004
8.20999999999958
9.43499999999995
9.4350000000004
8.9399999999996
10.9650000000001
10.9650000000001
5.43499999999995
5.43499999999995
6.05000000000018
4.4699999999998
8.26999999999998
7.70000000000027
8.12999999999965
4.12000000000035
5.1899999999996
8.17000000000007
2.5
1.72000000000025
6.88999999999987
7.7800000000002
7.66999999999962
11.0100000000002
6.65000000000009
4.50999999999976
8.93000000000029
5.60999999999967
3.7800000000002
6.79999999999973
4.98000000000002
8.43000000000029
8.42000000000007
8.66999999999962
8.38000000000011
10.4500000000003
10.4099999999999
10.7800000000002
6.91999999999962
2.55000000000018
6.17999999999984
5.72000000000025
11.3800000000001
11.0299999999997
11.0300000000002
9.92999999999984
11.5999999999999
10.7000000000003
4.98000000000002
8.92999999999984
7.69000000000005
5.05999999999995
7.88000000000011
5.30999999999995
3.94999999999982
2.68000000000029
11.04
10.23
2.98000000000002
4.07999999999993
7.73000000000002
9.85999999999967
9
9.90000000000009
7.41000000000031
8.63999999999987
8.03999999999996
10.6300000000001
12.23
9.93333333333339
9.93333333333294
9.93333333333339
7.69000000000005
10.3699999999999
10.7600000000002
10.7599999999998
9.59000000000015
8.51000000000022
9.14499999999998
9.14499999999998
8.65999999999985
5.98000000000002
4.30999999999995
4.30999999999995
3.69000000000005
3.44000000000005
4.50999999999976
8.25
9.2800000000002
8.65999999999985
7.77562500000022
7.77562499999976
7.77562500000022
7.77562499999976
7.77562500000022
7.77562499999976
7.77562500000022
7.77562499999976
7.77562500000022
7.77562500000022
7.77562499999976
7.77562500000022
7.77562499999976
7.77562500000022
7.77562499999976
7.77562500000022
8.87999999999965
3.72000000000025
10.7599999999998
11.0900000000001
9.59000000000015
7.25499999999965
7.25500000000011
7.39142857142861
7.39142857142861
7.39142857142861
7.39142857142861
7.39142857142861
7.39142857142861
7.39142857142861
9.50999999999976
6.15000000000009
6.11999999999989
10.4300000000003
9.96000000000004
7.85500000000002
7.85499999999956
9.60000000000036
7.51999999999998
7.51999999999998
7.51999999999998
5.74000000000024
5.73999999999978
7.78999999999996
9.02999999999975
8.51000000000022
10.1300000000001
1.52999999999975
6.05999999999995
5.22000000000025
5.37999999999965
5.38000000000011
5.80999999999995
8.63000000000011
5.6550000000002
5.65499999999975
4.71500000000015
4.71500000000015
4.71499999999969
4.71500000000015
4.09000000000015
2.49499999999989
2.49499999999989
8.90000000000009
8.90000000000009
7.17999999999984
4.32999999999993
6.55999999999995
6.65000000000009
2.2800000000002
6.09999999999991
6.82999999999993
7.11999999999989
7.70000000000027
4.40999999999985
2.98000000000002
2.63000000000011
2.85999999999967
2.86000000000013
1.24000000000024
3.32999999999993
0.900000000000091
0.960000000000036
0.9699999999998
7.29500000000007
7.29500000000007
2.61999999999989
1.46000000000004
6.55000000000018
3.4699999999998
7.53999999999996
8.2800000000002
3.88999999999987
3.88999999999987
2.88000000000011
2.30000000000018
6
2.10499999999956
2.10500000000002
3.38000000000011
0.450000000000273
4.88999999999987
1.55999999999995
5.5
4.11000000000013
1.84999999999991
2.88000000000011
2.17000000000007
0.679999999999836
1.99000000000024
1.98999999999978
4.02999999999975
1.17000000000007
1.34500000000025
1.3449999999998
6.19000000000005
0.840000000000146
1.06999999999971
0.710000000000036
1.59749999999985
1.59750000000031
1.59750000000031
1.59749999999985
0.909999999999855
1.63666666666677
1.63666666666632
1.63666666666677
2.70000000000027
1.87666666666655
1.87666666666655
1.87666666666655
0.300000000000182
0.389999999999873
0.789999999999964
0.650000000000091
0.650000000000091
0.420000000000073
0.799999999999727
1.32499999999982
1.32500000000027
0.289999999999964
0.200000000000273
0.779999999999745
0.309999999999945
1.01999999999998
0.453333333333376
0.453333333333376
0.453333333333376
0.679999999999836
1.17000000000007
1.30999999999995
2.87000000000035
1.25999999999976
1.26000000000022
1.25999999999976
0.170000000000073
0.159999999999854
0.180000000000291
0.449999999999818
0.340000000000146
1.55999999999995
0.670000000000073
1.32999999999993
1.32999999999993
1.32999999999993
1.09000000000015
0.240000000000236
0.239999999999782
0.949999999999818
0.950000000000273
1.56999999999971
1.42000000000007
0.630000000000109
1.88000000000011
0.419999999999618
1.91000000000031
0.700000000000273
0.699999999999818
0.429999999999836
0.289999999999964
0.409999999999855
1.16000000000031
1.15999999999985
1.05999999999995
1.05999999999995
1.05999999999995
0.289999999999964
0.320000000000164
2
0.320000000000164
3.52999999999975
0.610000000000127
0.369999999999891
0.190000000000055
3.61000000000013
1.01999999999998
0.860000000000127
0.279999999999745
5.03999999999996
3.20000000000027
1.05999999999995
1.73999999999978
1.74000000000024
0.789999999999964
0.480000000000018
0.614999999999782
0.615000000000237
0.75
1.08500000000004
1.08500000000004
0.269999999999982
3.29999999999973
0.5300000000002
0.659999999999855
1.75
4.13000000000011
1.73000000000002
1.92000000000007
0.259999999999764
2.7800000000002
1.52500000000009
1.52499999999964
0.630000000000109
1.88999999999987
1.51999999999998
1.51999999999998
2.72000000000025
0.449999999999818
1.49000000000024
7.13000000000011
6.9399999999996
7.37000000000035
2.28999999999996
5.48000000000002
9.58999999999969
1.20000000000027
9.36999999999989
9.63999999999987
3.61000000000013
1.71000000000004
1.78999999999996
1.32999999999993
5.26999999999998
3.17000000000007
5.15333333333319
5.15333333333365
5.15333333333319
1.83999999999969
1.84000000000015
5.97000000000025
4.4699999999998
5.30999999999995
6.32000000000016
2.98999999999978
6.55000000000018
4.5
3.59000000000015
2.10999999999967
3.69000000000005
6.70000000000027
6.79999999999973
5.65999999999985
5.66000000000031
5.66000000000031
5.65999999999985
5.65999999999985
6.85500000000047
6.85499999999956
7.97999999999956
7.98000000000047
7.97999999999956
7.98000000000047
7.97999999999956
10.3299999999999
3.94000000000051
10.96
10.1899999999996
10.1300000000001
8.84500000000025
8.84500000000025
10.3399999999992
10.3950000000004
10.3949999999995
5.84000000000015
5.84000000000015
9.17000000000007
9.17000000000007
8.64999999999964
3.36000000000058
5.75
2.72999999999956
1.39000000000033
6.23500000000058
6.23499999999967
6.71000000000004
2.29999999999927
3.13000000000011
4.85000000000036
5.84000000000015
2.38000000000011
1.75
2.51999999999953
7.32000000000062
7.31999999999971
6.38999999999942
6.17000000000007
9.93000000000029
10.7699999999995
11.5500000000002
9.57000000000062
11.7799999999997
11.4700000000003
11.54
10.4499999999998
1.88999999999942
6.55000000000018
9.61999999999989
7.82999999999993
2.60000000000036
1.73999999999978
4.30000000000018
11.2200000000003
11.8800000000001
11.3699999999999
8.0600000000004
8.05999999999949
6.9399999999996
6.82999999999993
2.63000000000011
2.86000000000058
7.06999999999971
7.75
5.76000000000022
9.98999999999978
10.3199999999997
12.0200000000004
10.4799999999996
4.28999999999996
6.68000000000029
2.15999999999985
6.85000000000036
11.3000000000002
11.5
10.1999999999998
9.13000000000011
8.92000000000007
10.9099999999999
9.77333333333354
9.77333333333263
9.77333333333354
9.27999999999975
10.0100000000002
4.98000000000047
9.96999999999935
4.94000000000051
10.0699999999997
10.9499999999998
8.20399999999972
8.20400000000063
8.20399999999972
8.20399999999972
8.20399999999972
8.20400000000063
8.20399999999972
8.20399999999972
8.20400000000063
8.20399999999972
10.8100000000004
9.92000000000007
9.92000000000007
6.30999999999949
6.84000000000015
6.35000000000036
6.7212499999996
6.72125000000051
6.7212499999996
6.7212499999996
6.72125000000051
6.7212499999996
6.72125000000051
6.7212499999996
6.67000000000007
3.93000000000029
7.60999999999967
3.26000000000022
5.69999999999982
6.80624999999964
6.80625000000055
6.80624999999964
6.80625000000055
6.80624999999964
6.80624999999964
6.80625000000055
6.80624999999964
8.55000000000018
1.69999999999982
1.86999999999989
2.33000000000084
6.21999999999935
7.90999999999985
10.1800000000003
7.39000000000033
3.96999999999935
4.96000000000004
9.3100000000004
6.75
2.22000000000025
1.88999999999942
7.05000000000018
2.84000000000015
5.6899999999996
6.23000000000047
7.07999999999993
6.85999999999967
4.8100000000004
8.46000000000004
9.80000000000018
8.97999999999956
3.69000000000051
2.47999999999956
4.59000000000015
2.46000000000004
8.76000000000022
3.23999999999978
4.40999999999985
4.40999999999985
7.84000000000015
5.15999999999985
7.40999999999985
7.41000000000076
3.29999999999927
4.35000000000036
5.05999999999949
8.48000000000047
3.72999999999956
3.0600000000004
5.69999999999982
3.30000000000018
2.47999999999956
2.11999999999989
2.1200000000008
2.11999999999989
6.32999999999993
1.14999999999964
7
2.84000000000015
2.61000000000058
1.45999999999913
2.02000000000044
7.57999999999993
5.86999999999989
8.77000000000044
8.42999999999938
7.03999999999996
2.3700000000008
0.839999999999236
2.32500000000073
2.32499999999982
5.80999999999949
4.93000000000029
5.02000000000044
1.90999999999985
7.90999999999985
3.97000000000025
0.699999999999818
3.97999999999956
6.21000000000004
1.70000000000073
1.69999999999982
1.9399999999996
3.07999999999993
1.65999999999985
1.65999999999985
1.43000000000029
0.630000000000109
0.9399999999996
1.52000000000044
0.529999999999745
1.69999999999982
0.580000000000837
1.25999999999931
1.40999999999985
1.75
0.300000000000182
0.8100000000004
0.359999999999673
0.210000000000036
2.38000000000011
0.770000000000437
0.559999999999491
0.789999999999964
0.430000000000291
3.09999999999945
0.460000000000036
0.910000000000764
0.639999999999418
1.19000000000051
1.56999999999971
1.25
1.93000000000029
2.64999999999964
0.149999999999636
0.180000000000291
0.289999999999964
0.170000000000073
0.210000000000036
0.180000000000291
0.199999999999818
1.42000000000007
0.449999999999818
0.239999999999782
2.64000000000033
0.279999999999745
0.350000000000364
1.06999999999971
0.849999999999454
0.850000000000364
0.720000000000255
0.1899999999996
0.220000000000255
0.170000000000073
0.150000000000546
0.179999999999382
0.176666666666279
0.176666666667188
0.176666666666279
0.180000000000291
0.989999999999782
0.990000000000691
0.609999999999673
0.229999999999563
0.440000000000509
2.60999999999967
0.295000000000073
0.295000000000073
2.15999999999985
0.570000000000618
1.25
2.90999999999985
0.159999999999854
0.229999999999563