50.30555 37.46311 25.66694 34.84332 33.09544
21.08995 43.75383 39.50759 44.50153 48.22103
45.83346 49.22699 40.51793 43.35288 28.34488
17.90599 52.16767 41.6774 36.01363 37.35016
41.44622 28.57571 44.3509 33.45627 12.54189
55.99788 36.07700 52.8489 48.00365 35.57649
37.00643 48.26901 60.23701 50.02612 46.47767
40.01443 37.16604 42.20818 33.04955 34.94295
45.58297 55.83404 38.46002 39.44105 38.68927
46.19621 28.01911 36.58654 53.2474 44.72927
41.13703 36.81929 30.87092 45.97672 29.63748
46.6144 16.66837 44.82572 43.81329 42.1519
44.65621 32.91748 36.50200 39.5723 26.64284
32.80648 27.93830 40.78935 29.04665 41.33965
32.34542 27.53709 29.32527 43.50218 28.85636
39.8004 53.08656 30.70468 28.62831 47.35101
41.10709 39.25449 37.46064 30.11487 33.84106
44.61633 36.20948 66.91696 47.52531 56.23851
61.81209 42.73980 40.01508 40.20312 12.61460
44.24655 46.22566 50.33335 42.20474 27.39858
44.24094 39.33309 20.57747 54.89162 55.71139
43.56025 23.87634 18.88042 51.47456 39.99971
42.71261 27.18813 25.39415 23.55578 29.34776
33.94070 37.01026 38.50523 44.31938 49.59715
31.0212 42.00539 47.37578 47.17502 35.47091
34.99112 27.41134 39.56620 47.43014 50.67124
44.71985 45.63373 34.02215 44.39732 48.47964
36.29223 33.46587 45.51777 52.48795 46.87992
37.13053 48.41991 45.12498 31.95653 40.88623
22.26281 37.32385 47.68404 41.07753 44.15527
32.56372 24.70255 36.50670 38.95156 30.54447
31.07483 39.60782 37.03415 41.10298 46.02964
49.74498 18.82578 49.19202 35.26464 50.95466
36.03909 27.56972 30.59759 35.58813 52.76295
74.21441 32.78564 41.73035 48.81421 28.07873
35.49864 50.65985 46.76691 42.42943 46.84951
24.93905 38.57454 43.39172 31.74531 38.52246
22.50028 49.16242 39.44033 35.47126 43.06505
33.62187 29.69099 37.35461 30.51796 28.90428
25.53708 27.2837 58.62962 48.28121 47.71728
36.47072 38.62842 32.79287 48.78315 36.96475
40.69654 21.88254 47.90779 39.58180 41.92799
50.95125 39.83737 45.3372 38.67599 45.54277
36.82294 48.30922 34.7415 44.20036 35.13046
34.55686 44.69560 40.32184 25.56640 42.79943
46.82885 17.25163 48.01187 35.59823 39.42231
58.87608 40.92184 42.15555 38.959 33.54294
47.92548 24.77681 48.69442 58.67498 44.71648
24.13468 60.00703 49.44266 18.18088 12.19952
40.15219 40.72895 26.17393 20.76418 58.25198
46.56413 41.1281 40.90875 47.1178 38.18433
33.29027 46.2537 39.54664 35.12514 37.90516
42.4352 43.75759 15.45839 40.65822 41.53811
33.00241 45.02115 31.81596 57.27479 49.42584
12.33985 44.99925 32.88509 25.62862 45.45637
21.07795 24.73905 37.06073 56.79201 28.1845
34.92299 27.21524 32.13169 38.87174 32.45142
32.49797 28.91035 40.68127 33.35415 40.96981
28.60437 31.45418 37.56116 42.69674 34.44209
33.93384 42.94491 32.27729 47.68081 41.43121
41.35026 37.58174 52.05105 42.75135 47.94768
42.51644 45.47429 45.04601 57.51164 19.08014
41.00706 25.15719 50.08217 62.65818 43.42652
24.95309 40.04077 36.59534 41.70082 28.67472
46.18472 40.6671 59.3832 50.21708 36.2283
33.93721 31.68988 46.47879 49.29523 39.33937
36.32681 36.87812 55.69345 25.73227 43.21588
25.96456 44.26263 38.67942 42.44737 33.63759
47.1735 51.40566 53.14975 46.15896 45.30295
36.83399 34.67527 52.41996 31.04477 31.74021
43.05307 46.98644 43.25715 22.80375 43.54887
48.59169 24.38048 24.46508 33.73718 35.12396
23.59035 34.46433 49.00322 41.15273 42.21762
39.42379 38.77922 34.81241 33.58291 43.47987
47.01137 36.58060 57.62318 46.43578 47.22417
52.58515 47.57545 42.0631 51.38796 23.73417
42.2832 27.65489 51.05425 49.37251 30.4793
57.33644 49.16158 47.33604 38.02998 36.4517
26.61898 41.50476 44.99483 40.68328 27.57185
51.19426 35.43645 44.20012 42.05027 53.32973
40.44869 41.14112 30.45924 54.04296 44.60127
31.39656 26.81009 53.93734 43.31421 38.5432
34.53697 43.38782 47.2343 41.03171 41.29957
15.18949 46.3867 25.05262 49.34238 42.85053
38.75310 50.95423 29.71561 46.00971 42.60063
29.71858 46.64637 52.90093 42.64021 36.45192
20.08594 41.20634 27.60662 40.8717 46.25004
43.63018 34.51578 57.12163 40.90832 33.33749
51.07231 41.90827 34.75337 50.26903 44.72541
23.11766 28.68353 45.11069 46.47266 37.18342
37.18723 30.34022 45.88037 31.6577 46.88571
31.72164 25.98635 57.68707 49.81222 32.15828
43.23476 56.18162 28.47349 44.82538 22.97645
46.24038 40.38608 40.96672 26.78579 45.84291
29.67459 41.66832 39.63072 35.53131 48.82397
34.62333 28.65845 41.78977 21.67136 38.82532
51.16212 51.627 37.50252 44.97614 24.54288
20.68508 16.81214 57.70428 33.84197 25.60367
52.34252 37.30686 50.27424 41.02949 46.63568
61.70182 45.86779 33.59954 61.17116 54.825
15.44467 41.75377 36.67106 24.20516 22.10854
46.3706 35.42069 34.16617 33.18714 53.19515
45.61357 39.177 33.95449 41.48102 59.61585
40.24856 38.84613 34.98052 31.57564 45.92528
45.90375 44.70789 38.04873 39.99599 25.23757
26.91794 38.84545 56.50557 49.68765 44.00246
28.41781 41.92194 42.15773 39.56037 32.66526
49.18823 49.45128 40.71911 45.91055 37.32550
47.46657 24.98420 27.32985 37.56336 57.15586
31.54326 36.66019 35.54507 36.66467 54.95964
25.99834 33.77684 37.76706 28.5448 42.47619
36.31279 51.35846 39.73141 46.18551 39.90152
47.13298 35.33319 36.38628 40.20769 24.11589
36.29122 31.03731 47.54074 47.29925 45.37779
43.79564 34.65985 53.83035 48.91278 34.30437
45.16433 24.5217 25.76854 34.86784 36.66383
37.73354 49.72745 43.32006 38.42651 26.16453
24.95862 39.79900 45.25310 35.72939 44.58368
48.38879 38.36864 44.8181 31.49414 14.80972
36.55444 42.65474 38.51681 38.91505 49.53296
34.45522 45.5964 27.94441 42.17987 53.02284
36.7398 31.44098 37.29728 24.69679 38.63289
39.51469 48.81651 41.94204 43.98952 49.4887
51.88929 34.56794 51.88429 43.76538 45.74391
51.23931 52.83812 39.51282 44.21195 39.47
34.81386 44.72915 43.9997 39.43979 28.57473
57.32183 33.09915 39.95565 45.64814 40.41878
37.20857 45.3282 45.25233 41.63057 42.63037
39.11629 34.72162 31.09614 58.46411 37.42025
35.80241 41.47279 44.65193 24.10605 40.71479
37.14106 56.08433 47.67137 33.12264 46.87358
29.97699 50.78139 26.61362 45.79132 26.61955
52.08713 36.20168 46.61534 44.74653 53.02424
45.70724 44.92454 42.73416 53.94287 31.68744
28.04141 48.26255 53.22305 41.58326 35.65483
41.10184 31.66214 36.72892 37.13395 21.13388
36.12183 41.76708 45.71604 27.84396 46.75995
53.83289 37.17201 34.61467 34.69378 34.82632
50.60665 67.60265 39.38403 53.93207 53.01825
39.20669 42.8187 38.2459 23.12154 20.11273
55.97283 39.23705 38.24821 28.74928 45.48974
24.53857 39.94394 52.16403 43.48176 43.09371
35.47698 33.40727 16.09559 38.94938 64.66381
37.98207 47.76908 45.87991 50.51327 37.83756
40.13808 28.81076 51.22833 19.29215 32.18759
47.63287 44.67778 27.57129 47.20283 41.24685
47.1731 25.54284 32.34926 49.1777 32.31632
39.99865 44.2605 45.53895 29.98599 45.89101
34.98844 46.59605 32.78603 36.76123 44.91347
53.8083 39.57669 51.03472 47.32869 16.51174
38.39108 39.19563 34.52553 41.74912 33.54800
49.58532 59.72573 31.38151 35.97033 43.14807
49.66396 35.50912 32.24724 57.26332 51.93251
64.17124 43.25052 49.21735 51.05722 39.23801
26.66081 38.52411 40.6072 46.76112 30.48077
46.26818 44.28424 38.17093 39.42222 51.53842
48.33029 45.82349 35.7163 47.73764 32.45423
53.09908 55.20683 21.72810 44.28558 31.54846
37.76169 47.31633 38.80547 34.8774 55.10865
39.17206 25.86240 34.35733 21.03227 24.17547
63.26288 50.17502 40.52472 39.54479 45.86532
35.44068 41.60222 47.05596 48.26757 39.55499
29.35165 39.65651 21.5149 51.60164 38.99355
50.33241 44.82193 47.72419 34.23878 42.16218
34.31443 58.6643 35.23767 37.09036 53.61015
25.41246 35.38935 41.28562 42.12431 34.71127
31.09568 48.81294 32.4059 24.19434 36.88430
48.93474 18.20656 31.36978 44.21236 31.70609
44.56532 34.54332 44.56197 35.58414 34.07832
35.28574 47.01821 37.99084 52.12687 24.43427
18.29674 42.63415 35.23526 26.49258 44.30241
51.18711 38.93118 42.59116 30.66387 17.64547
34.72183 46.93893 22.19854 30.84020 46.39675
65.22012 56.27419 41.91661 45.05505 40.51304
33.15198 58.72597 30.86666 46.29579 51.49975
50.52731 28.78806 38.16289 44.17303 35.27268
49.79883 41.81334 38.49743 38.90514 45.0779
25.61053 39.14231 53.88945 25.78637 50.23044
45.90838 60.21778 33.31926 42.37057 38.94486
32.14951 49.87635 34.52363 47.6689 46.22261
40.0297 50.74877 45.68223 41.14861 35.02209
48.02192 48.35299 14.97194 55.13639 35.23845
28.71076 40.35298 37.79619 37.25244 44.16306
39.33172 45.85449 46.83064 43.79324 34.73309
34.98056 46.31787 34.81516 69.77187 46.12344
32.18094 22.63012 37.82642 48.10898 40.16974
30.87064 45.14332 47.18798 46.97401 45.44486
62.39223 35.61311 42.36143 42.85759 42.60795
44.28559 31.61927 34.43440 28.34187 44.28955
18.18045 37.74767 42.88548 44.98486 37.25484
37.72886 37.96607 43.91293 45.46209 23.92393
30.8181 50.8828 50.50086 56.73781 58.91929
48.9094 37.44172 34.29419 60.92768 49.68248
47.97706 56.00844 34.54953 32.03803 27.97237
29.38801 40.33115 54.63236 62.88899 37.28971
46.04496 28.80257 48.87157 52.62176 42.86973
36.76105 39.43265 48.4234 51.83085 44.80433
44.33999 38.80634 42.18806 32.03004 39.32996
41.32935 50.73804 32.99673 54.46274 37.57538
57.25865 40.06827 22.62694 42.97642 49.25283
41.87638 41.99553 29.60303 39.78627 47.08659
37.40154 41.82623 25.92917 46.54515 34.1548
50.11907 20.56948 40.57676 50.32097 25.06614
32.00044 42.73005 49.90161 41.63657 42.94864
64.35809 44.14689 46.13254 41.71265 44.95196
39.32010 40.7509 34.12150 43.4925 33.49727
41.21663 48.56551 21.85554 42.95219 29.30157
37.86316 53.49945 41.56659 43.52883 48.3867
56.56574 33.34694 39.75867 29.73647 25.02882
48.16029 38.41725 45.03885 23.11084 57.42692
44.30102 31.07487 48.41883 57.73518 42.37902
23.67287 28.59001 47.39171 38.75527 36.76431
24.18354 35.63009 30.31645 32.02474 48.58203
51.27249 39.44280 51.95214 20.35833 19.48175
41.13929 22.39252 38.08569 43.16853 50.92997
46.95933 42.13352 25.39385 42.46558 39.60895
54.3602 31.04832 37.79118 34.19980 36.84189
52.89873 49.05998 44.32437 37.13452 48.36625
38.5969 56.14235 45.25534 33.23408 24.9901
36.22995 49.68014 34.08664 33.73416 40.91069
52.42115 59.44837 42.7311 39.70493 56.04861
30.85178 53.77993 31.93445 28.57631 55.03144
55.09148 43.76995 41.88041 33.05918 49.90425
30.74113 57.36879 31.7509 44.22801 37.33239
49.4648 47.7189 37.492 44.80666 7.948319
41.87372 46.19032 31.78849 26.42069 45.25423
47.24522 39.92577 41.64127 24.16468 40.65266
43.42068 41.94617 54.96317 40.40067 49.45686
45.23964 32.88692 24.61317 36.75931 30.48530
39.60726 27.60458 29.83829 42.62037 56.55553
40.86875 51.65079 34.30600 36.8504 48.68323
21.57598 44.39485 29.37472 47.21738 33.35423
18.6798 31.80249 28.34746 34.32971 58.6752
53.67671 29.62537 42.59084 19.0871 39.59043
52.7949 50.54215 41.90154 46.30453 48.4716
54.63618 39.51433 51.46051 45.11205 43.80781
30.55573 37.80604 35.05624 46.31898 30.72756
57.27195 47.34958 51.32998 43.35807 47.28938
15.43542 41.41112 55.45229 34.38007 21.89661
40.63587 26.09642 46.51662 22.99295 42.21701
52.66152 33.79968 48.28998 32.30338 41.258
47.20918 24.24478 44.57122 45.97371 38.40471
43.86927 36.43276 34.50279 51.06608 47.19652
31.95243 34.31954 32.65073 46.75854 31.93108
41.25101 30.29157 40.32682 50.27249 29.11556
30.05773 43.90307 40.64761 38.30515 38.14011
44.45146 32.2019 55.0407 74.13511 38.65477
52.86731 41.76867 38.42189 70.16107 49.64694
32.62854 39.23673 35.88473 46.88132 43.17859
45.02181 43.21513 30.89702 40.92312 33.99225
38.08357 46.47047 38.6173 38.89381 46.73819
29.11886 41.11515 57.32204 9.969804 42.25
29.19969 34.29819 37.88764 43.87489 51.13255
46.6232 39.52518 38.7554 56.36081 31.89408
44.0027 38.28006 35.68598 40.15999 24.94135
42.72610 32.36309 51.87865 38.97406 55.29037
35.3509 18.88169 43.19257 38.05183 58.90265
18.00189 20.66708 42.99366 32.13126 53.42004
46.83801 31.92748 35.87426 34.58234 40.16083
36.52888 48.23143 26.38128 34.12906 35.04746
31.72959 36.46106 40.31553 45.61985 40.1089
42.03382 50.74098 35.90475 44.60368 36.28126
50.70344 41.67771 29.63520 39.58993 30.77869
51.02363 29.60224 45.26556 46.2297 54.82798
34.3125 41.00658 43.94141 23.32878 48.78074
34.53575 23.31984 44.24322 51.44599 44.47521
31.04573 32.55748 35.31015 30.85126 32.6695
27.42663 41.12583 39.82026 41.34765 46.2969
33.86344 50.50884 28.27957 31.26826 42.57448
51.97926 44.60376 38.54391 42.40697 18.66817
57.26029 30.48477 24.27237 43.31077 23.36397
48.30113 50.38787 26.87878 37.41229 42.14082
41.93764 46.9285 18.29519 24.14611 34.73408
39.07404 42.65749 42.68155 45.8876 34.41135
39.46866 21.40793 33.05308 48.63319 35.89101
50.70445 34.97534 56.82125 29.22805 28.77146
30.79149 32.41341 26.58560 40.93808 37.24594
39.54024 17.87267 38.56843 35.72244 58.02046
52.31491 36.14793 43.88237 44.41566 31.87194
42.39636 52.48627 55.04192 26.7711 36.7542
43.85043 51.16394 36.60399 36.66287 40.75222
40.46933 48.15345 41.48291 54.68733 21.85256
52.90742 26.65669 25.90340 61.1611 25.21054
35.47464 41.83334 29.90154 33.24341 48.00214
37.45266 29.00621 30.26524 38.76879 41.73023
56.03597 36.63007 33.06816 42.86399 46.83334
46.08953 45.61095 31.36626 22.99228 42.92047
34.02128 56.20921 24.21107 21.62051 47.05869
40.44762 39.88118 37.68668 16.88272 43.83844
57.95329 38.61583 34.25778 34.86184 42.12813
53.30236 44.35079 43.0422 54.11122 50.2057
53.99827 39.87438 35.89014 40.39115 38.35719
33.03768 17.45933 58.48636 55.85455 38.66307
41.80184 33.72466 48.86121 35.08360 32.52772
35.79316 48.54088 42.85746 36.98171 34.07190
34.13613 39.55470 39.95023 51.55122 36.48225
42.00747 43.19536 24.78566 50.55051 37.96952
24.25382 32.66242 24.27319 47.28484 37.8572
42.8336 50.08252 30.76398 45.76944 48.30077
53.5637 48.96918 30.59813 39.44156 42.49871
31.23338 50.26769 41.15372 34.64869 46.51392
47.433 29.97054 51.5875 49.42303 48.07129
30.65532 54.72665 27.31429 54.93655 20.45443
39.53513 32.02892 37.36054 28.00648 52.14674
45.06161 36.65451 45.79112 51.97117 60.20994
44.99862 35.6683 12.59581 30.77527 29.47969
32.91203 53.87963 34.10994 48.87903 35.0753
55.06791 28.39861 26.86328 39.45502 48.0533
44.7312 54.37425 25.58249 25.9206 46.62526
45.95907 33.89753 48.09622 41.93689 28.97262
29.64912 42.29822 44.89315 40.64333 18.45440
38.6063 30.75475 42.7239 46.72008 42.15062
37.10201 62.64194 29.75659 65.05598 25.20847
26.18726 32.77148 50.56204 31.95627 33.71869
33.40285 43.93611 45.82795 37.77438 46.83202
39.52447 43.84053 49.83453 40.3165 40.48306
38.90370 36.97757 48.59354 39.43099 41.39861
41.85449 33.56478 27.74562 45.898 37.33985
51.62554 47.11622 20.64848 23.25273 32.74185
46.53164 46.52506 45.61577 48.15514 37.53914
41.82216 36.22181 33.29133 29.73221 34.54263
48.86747 42.622 28.58971 45.61733 47.1945
36.35742 10.67367 52.22846 29.64583 27.75260
40.49378 31.5471 46.12017 21.28590 29.02609
64.96009 48.90818 46.79421 48.96411 34.20978
43.4535 44.04839 44.56324 34.80599 45.88789
48.25364 22.15582 21.82031 26.82724 32.84413
26.92908 43.23707 46.17044 53.37018 40.17458
49.69023 40.12386 35.57496 32.26182 40.32218
52.98563 24.87555 38.66025 49.32514 49.94865
45.58786 37.97659 47.06807 40.97679 41.39884
31.90305 27.75737 53.80989 28.30657 45.31868
50.64654 46.88633 33.35336 27.54634 23.49857
34.75652 51.45896 41.98096 43.13612 30.74944
37.15686 35.75423 42.32573 47.43723 36.98591
37.40205 45.5367 32.61706 25.73132 30.83985
45.36512 41.02893 28.95863 51.50628 18.63015
29.78547 36.70488 49.0544 59.54812 37.1627
26.1027 50.75199 51.87764 48.28545 38.31609
39.84254 41.85106 40.63808 47.04632 34.6239
36.77411 43.67950 28.98147 32.78675 31.58854
32.45595 36.24628 43.18001 39.43316 17.39503
34.86569 36.63271 21.46453 22.59681 31.39090
23.60230 31.32879 28.73026 34.84375 43.70551
27.34958 46.07802 38.33503 37.96942 39.74288
21.9061 22.37340 31.94025 47.85612 43.48917
37.70893 31.75522 43.04362 43.76010 51.72912
48.51973 31.89081 43.24535 32.35714 44.01789
47.94057 41.44916 48.84776 42.47606 46.0408
37.47092 36.82238 18.69181 38.04089 34.56022
41.91576 58.251 39.17622 67.16474 29.56835
57.41581 44.86664 25.20656 28.77412 43.03985
32.57880 49.10925 42.3151 40.30214 51.36116
48.12336 37.15583 42.16663 23.44054 24.83665
42.23791 40.32441 38.95290 46.08895 41.90311
44.54573 35.05394 47.88385 63.5074 54.96411
36.30157 51.83664 38.7771 35.3752 34.86773
63.04864 15.44160 35.65269 40.61925 34.68627
28.97714 28.66247 49.05179 36.48613 38.02913
33.90749 33.21798 49.0908 54.63329 44.04128
22.58761 25.16582 47.348 38.50961 35.92742
31.41346 39.63737 36.01196 38.17546 56.74964
58.82743 48.93643 45.11742 34.80342 41.33358
50.55531 53.94482 36.68016 43.33952 39.74213
56.29197 38.57518 47.7248 37.84249 34.20956
55.10838 22.37784 19.26620 24.26822 22.71110
27.13238 42.89076 31.39433 26.72431 55.03156
46.3822 43.49225 53.71926 39.26823 34.49463
45.88809 38.31355 42.47444 23.13760 53.51654
45.11922 53.61799 45.37876 48.62222 57.38907
26.06323 55.62715 43.73595 41.20558 29.95831
46.68751 44.10798 49.7606 29.18932 37.30139
37.80065 38.65855 48.73815 26.79088 30.42459
37.42427 41.9483 49.86068 35.33881 38.18873
48.74768 47.91108 34.05266 38.35885 49.93868
59.76416 36.58761 50.66341 39.11657 40.59831
45.33293 34.98269 49.55432 42.5951 36.13412
42.66119 37.87695 26.17921 29.87868 52.45154
43.27011 35.53875 31.10548 40.43055 47.68706
42.40279 36.8479 63.39051 48.67058 38.20816
38.97228 63.2392 52.50952 46.15006 26.75039
59.24305 35.23631 44.13128 13.83303 8.04681
40.32286 37.81750 61.30442 24.6156 41.25303
31.45945 29.80027 47.59361 41.01375 37.12522
44.20595 62.5827 22.72386 41.5828 41.74772
46.20988 39.6892 40.87763 33.68769 63.47267
29.28027 32.24892 40.04571 48.9779 53.62856
39.03109 28.95476 40.28606 41.62435 26.09815
51.44343 21.62232 38.22489 47.65396 38.6935
42.93162 42.37574 26.47135 28.44691 40.59036
55.54317 46.41042 46.31478 32.96621 45.91269
32.90554 44.70049 39.22797 50.98297 38.59292
27.63149 48.24547 32.14398 43.45931 29.90727
47.92096 35.69742 38.4783 35.01780 44.74157
28.14577 52.89175 47.0507 32.24498 30.96134
32.17557 53.8859 35.03460 50.96985 35.17586
61.12016 38.55251 33.59314 49.14457 56.32938
30.32523 30.78904 39.56307 30.01558 35.71326
46.23563 31.21526 57.32425 57.22703 24.73663
39.7862 45.45715 30.61955 42.89499 18.77909
41.38295 33.81831 42.60442 37.51271 32.75293
43.91838 34.93683 19.36356 31.50847 47.47311
32.17911 45.7985 39.88838 39.43966 53.67364
52.87815 41.47186 32.85885 46.38973 34.13741
27.08449 39.11710 52.48901 40.14501 36.64871
28.06365 32.11640 32.19127 40.33456 38.85079
38.15873 29.38803 61.72463 42.2865 43.7618
36.18733 40.95354 45.80127 31.14027 29.31149
56.00264 49.30982 34.17058 31.62167 31.03969
29.84085 32.48613 61.76709 27.69440 43.63678
45.63412 37.52263 53.79606 28.65248 39.94319
42.25183 62.77405 50.61976 50.2354 46.37786
38.69638 44.10446 33.82709 28.33188 46.73135
40.27017 44.87277 18.90370 43.44065 40.95148
28.32645 36.22911 36.82099 31.69417 49.71881
38.74744 41.74916 51.72945 27.62745 38.78503
44.68855 30.10148 36.22591 42.31482 39.64096
48.88871 48.19059 43.10251 37.34667 45.60736
43.14162 21.30238 26.64373 34.20097 50.77378
33.29778 35.98229 66.72814 53.93835 46.07436
44.91516 44.59141 25.49352 53.94634 56.09019
34.08657 45.04755 42.64898 52.59186 31.6174
28.87230 40.56517 31.81099 40.77651 23.11326
31.85695 38.42165 30.88353 32.61298 29.40519
33.40046 34.0865 40.78058 55.33908 34.17887
30.72207 33.62862 44.21069 25.61562 32.26652
35.46445 21.06194 39.02945 33.2151 35.38666
25.68718 37.60927 37.04739 47.63286 37.32703
50.03746 26.74897 23.97532 45.28955 35.22212
46.97542 30.30908 24.08551 46.84033 21.37302
47.71409 37.25672 34.29604 43.76701 51.93732
44.35995 50.6815 35.14673 48.73079 37.96666
43.37727 37.26004 42.66683 32.63854 39.15321
29.11991 48.12522 50.72727 25.14744 44.71717
30.19932 43.8472 58.45533 48.70147 57.08577
52.80369 35.19658 39.98679 54.19295 30.69155
43.79186 44.74505 52.32838 46.27297 64.49598
42.02229 32.93482 48.44577 32.08916 33.48056
38.5154 15.82483 47.24283 41.8624 42.34200
38.89903 35.1953 56.02498 42.94991 32.05666
58.18519 46.48498 56.58583 44.08499 33.34743
27.97454 45.49674 54.15562 40.17412 43.51264
38.71057 23.25496 34.53785 29.71188 25.57301
46.98043 40.20009 38.84799 49.1694 43.77384
40.5627 45.35951 38.90392 41.54092 36.55415
24.91918 41.1144 46.74778 31.66311 45.78513
45.2414 49.95524 56.28729 46.78747 39.05203
42.35597 39.08966 33.76799 47.48167 48.24297
23.41765 33.31634 54.16017 50.91707 30.45467
38.10053 32.31037 36.31328 49.18941 44.99175
27.32314 36.64765 30.35599 37.21753 48.43553
48.66993 43.39730 30.01380 40.88367 35.64462
46.14396 44.46685 51.19503 43.98498 43.89512
37.53539 44.89332 36.58221 28.92471 30.38899
50.06752 46.39722 30.8636 49.84379 39.77119
40.28716 21.36539 51.12537 54.26823 14.73073
34.92597 46.77252 23.50496 40.28626 46.37409
37.77348 43.81568 49.16204 44.95218 48.49841
40.59799 65.20848 50.17146 49.04533 60.06352
43.26372 38.76285 49.73582 50.63712 50.00723
35.15814 41.41486 51.29222 38.79555 38.96319
46.78269 42.73405 32.70890 49.51959 36.44945
50.28048 48.27742 53.13618 35.22128 32.43698
31.5295 30.09916 51.91356 46.51225 31.20254
38.94717 52.5749 26.48836 33.60032 30.45449
54.85135 22.81124 34.98502 44.67829 39.35990
51.55716 41.8397 51.34436 34.32753 30.37501
43.94302 39.52827 50.63189 37.54418 43.65376
44.31762 25.91223 31.60632 25.79711 47.53226
44.98551 32.6504 56.3765 35.47666 43.14085
42.15247 52.11037 19.90473 21.69642 33.49029
60.2473 34.22832 42.24993 54.55842 42.04893
25.69342 42.06916 32.11527 26.8513 18.2184
56.02965 35.47024 31.48803 51.53285 26.45314
52.06224 35.11354 47.42964 59.30874 53.74743
43.54299 21.6156 38.65463 48.94571 46.76519
49.20104 18.74290 39.83431 33.73329 21.80197
22.45991 48.67902 37.87994 36.58554 42.72362
34.30269 43.93667 33.71228 47.99106 37.69971
19.95272 41.77863 45.17071 37.39354 43.30749
48.75896 47.94860 39.47183 68.56013 35.17722
53.34498 38.25669 50.41863 41.43912 43.70834
33.66725 38.72298 40.93998 35.09154 30.60741
35.9673 29.04730 43.79421 31.88438 31.36465
41.08877 43.65616 43.36202 41.76058 42.71246
47.31465 40.46017 34.3771 24.53946 44.69842
47.39688 45.58905 33.94531 54.02275 24.25466
46.75802 46.21109 48.44729 47.61471 47.43537
35.65258 28.19505 42.98399 39.08707 53.18131
26.41255 51.27581 37.15940 36.72102 35.44995
55.4597 33.90352 36.17722 37.57102 77.8524
43.17367 54.15423 43.37693 27.74933 56.64951
39.7505 43.47379 32.56598 39.59443 40.4342
29.39730 46.62604 22.93650 50.6361 50.17696
50.31895 54.44003 39.21966 45.31116 30.68045
34.90744 44.44037 41.99282 28.09864 34.15902
47.03507 41.56543 24.50587 42.76477 18.58051
37.69399 23.75557 27.40167 40.86601 45.23703
49.94398 43.86714 39.30155 51.70212 34.12157
48.54825 33.83672 34.17078 31.28072 49.62717
62.94696 32.96919 37.06178 42.79901 41.62432
27.17709 47.78172 34.98344 36.55905 23.94086
34.28826 39.04209 49.23764 41.30460 33.78147
33.90843 39.90686 50.84591 38.35378 40.00139
44.13897 39.43948 29.0754 37.25748 37.53278
57.21702 47.53154 58.88436 50.75237 31.14724
25.01991 65.10634 33.53353 33.69457 48.72286
47.47092 39.1694 31.90797 42.27299 38.72299
46.07361 30.95100 41.93235 30.2024 50.48462
38.75405 39.34999 38.65169 17.73062 31.95565
42.97379 56.39251 32.44128 45.87885 57.30835
36.59318 44.08379 44.51873 52.33925 43.78925
28.26118 54.10475 47.12585 56.63653 43.42733
20.08401 14.29124 51.74738 40.40097 42.67874
49.24709 36.41479 33.12956 42.48351 63.20754
22.31323 38.69221 47.3754 33.04719 48.22926
46.894 36.99362 45.75324 50.18314 44.40940
47.5362 35.21693 29.3111 30.15095 14.74788
38.11091 33.37949 29.87483 44.47332 45.98656
43.26681 34.94393 46.67720 50.70996 49.52741
39.68711 39.90191 32.15134 35.28577 31.17461
24.67316 26.93476 30.44746 51.24739 30.87151
54.65306 46.14122 25.14966 40.30640 14.87821
34.37937 40.21561 25.95886 30.37037 41.92742
36.08613 55.4285 56.1597 56.96142 35.48192
29.80425 40.32692 43.74134 41.66139 58.74335
36.51059 37.17282 31.80654 51.2191 39.9092
32.12285 45.28652 26.82322 40.51683 36.4498
20.60648 51.4843 19.58178 34.71102 55.26213
38.62083 26.05743 52.46025 31.7645 37.93761
30.85398 39.84975 29.64203 41.31121 55.03187
47.49227 43.95137 36.19238 46.56672 44.01692
49.51005 31.36669 23.51425 46.06968 43.37558
40.11810 48.72561 31.24020 17.72358 27.54052
31.86988 34.25718 56.50551 52.76245 47.26664
49.59707 57.30132 33.27674 46.27166 48.317
34.92681 49.50934 37.14847 28.04670 41.03675
42.67228 25.39682 26.07247 18.12732 49.74287
43.18047 42.38493 37.47497 44.52049 44.68616
41.98085 47.47973 30.07431 45.08161 47.41910
33.0454 35.23728 36.14884 47.04437 42.0343
28.27847 31.75998 50.96653 33.91213 43.30974
26.81725 39.75117 47.56835 45.92042 46.58629
54.79235 58.91152 36.72286 38.86457 42.27689
52.32354 25.69689 48.99261 23.32384 40.8492
42.73301 35.46613 43.70039 33.67993 54.5721
43.30803 40.1332 29.74904 46.31572 19.86697
56.38962 55.3383 27.23925 30.52984 65.69658
44.82863 43.76262 30.53477 47.94858 34.03139
52.83521 43.89762 44.54352 54.33812 48.37245
33.33764 46.6625 42.78708 27.89137 32.68861
38.39464 24.26803 40.06673 52.33248 45.37544
27.80844 41.78425 48.15296 31.04790 38.22508
29.49067 38.37507 32.39005 23.77062 28.20234
14.002 29.84256 45.35494 35.41403 32.87237
35.82998 29.64434 52.44229 52.69028 39.68930
45.23289 39.97881 44.7268 21.79447 40.10272
31.97977 62.68558 47.99774 37.58789 54.8749
27.99002 29.21422 53.13212 26.69582 38.78413
44.74346 38.69355 51.48293 34.22082 41.02754
44.79493 44.87208 50.45621 38.43313 45.30502
57.6674 30.83884 51.28276 42.95042 43.2334
37.15511 40.64396 43.80071 14.89653 52.999
36.00532 25.60411 34.99709 48.99733 59.29738
42.1809 56.68964 31.62083 41.94379 30.39956
37.55399 36.92799 35.69653 36.04014 25.68820
44.98999 45.85252 23.82528 40.48417 26.02296
43.52153 34.75664 66.03637 44.07215 37.5227
44.71397 51.15232 40.60768 35.90857 57.77948
21.73533 36.00501 28.47899 37.4643 57.17554
47.22283 33.50988 32.48708 37.20180 51.34782
49.52163 44.774 20.43680 36.60265 34.89273
32.12738 39.6684 48.98629 37.06732 50.22729
40.32721 35.40191 46.68014 51.63284 48.3765
47.67486 33.45931 63.1192 32.72066 41.24641
20.42804 37.62301 29.51691 43.55217 31.01501
33.66053 39.91494 24.6463 47.27727 44.66166
37.97215 34.01038 47.05236 36.86275 46.61006
53.10924 38.75079 28.47011 41.59035 54.73575
26.79876 45.57877 39.96483 38.24088 38.6111
28.37367 48.48344 36.00765 47.01604 53.56634
38.92626 54.53912 36.12561 43.72694 42.29215
9.354323 45.68716 43.61699 28.90516 48.19455
45.50485 42.87459 50.18279 49.55102 38.6536
38.26753 41.63106 36.91329 45.31883 42.32639
49.29186 44.97586 43.85669 26.44301 51.30723
30.42405 36.65417 41.82628 58.7925 26.09295
33.99699 22.14763 33.64033 32.51844 26.80832
25.61329 53.72491 34.78423 35.92220 43.15309
28.55145 31.86755 42.11196 39.72269 71.17682
36.86904 56.93527 35.31735 46.63114 46.06977
43.84137 31.60735 32.48927 46.70795 42.70704
32.47775 50.45775 39.94101 34.96419 39.10598
38.20875 32.68610 37.41379 38.24374 43.84316
38.6174 39.95169 45.94338 47.03888 43.12458
37.62124 51.35681 30.5423 46.95551 41.42343
62.53923 55.3741 22.94737 26.66027 30.194
11.53683 38.43846 22.74184 32.26905 36.67251
47.38667 35.89508 43.51114 58.60072 36.83549
49.22059 28.09451 30.29112 46.73299 45.33514
28.83513 50.80375 43.50980 46.3556 36.2091
37.5437 36.30619 35.83085 36.77523 43.99543
25.05313 34.43847 47.95239 40.85797 26.20256
53.66388 28.91438 35.50106 43.07615 35.05178
36.89466 33.41326 57.32896 40.91248 38.90309
42.71478 42.3294 35.84389 27.6296 37.17802
54.92648 31.58943 53.52715 44.24934 38.57401
46.09113 50.86909 34.10874 31.75604 46.06117
43.11408 51.1229 28.48702 38.06811 50.47643
42.99333 27.68317 25.21738 46.3059 34.49599
43.52131 33.81205 54.56284 37.22071 18.73212
32.41382 30.16383 29.07196 41.70338 49.72595
32.66532 50.77115 46.44806 47.03406 37.91563
41.83751 54.69263 51.91676 35.225 24.22034
46.02381 42.70441 29.52160 42.33581 47.02332
51.57736 40.22996 49.28261 41.36526 53.77417
33.88594 37.05647 54.00486 21.34351 57.07245
37.00594 61.90563 43.45889 39.16513 34.35854
35.61371 44.94062 35.12132 54.33405 25.75423
38.97919 50.4024 37.40292 21.82256 40.94795
30.34928 20.38623 36.47729 36.40316 45.28737
40.19797 38.43977 36.62052 54.09595 48.79019
43.88257 18.39232 42.93905 33.05385 16.91581
31.13346 41.80213 28.45877 47.90859 40.38141
49.53365 22.2662 37.88679 38.00643 47.58395
34.11119 24.25796 26.34447 55.90299 40.04442
41.26022 45.58147 46.19994 29.84308 28.57760
53.47999 32.25706 37.91516 49.79241 46.59258
41.04454 55.64772 39.15840 38.53611 40.34719
47.28556 33.61421 36.71941 48.59729 44.30469
42.75959 36.17501 25.62442 39.87264 47.17808
56.10168 43.21469 15.81612 37.9367 27.57861
38.75427 25.09374 39.78556 48.8673 33.4672
32.85771 30.53069 63.42218 34.36282 38.16536
42.13571 46.27758 30.63052 21.31816 36.56829
35.54987 35.44159 46.2772 38.2993 39.48512
43.09715 22.23756 31.26989 47.16333 39.38668
42.93662 38.66983 17.33019 28.01898 49.10599
48.7957 56.97838 36.44145 56.19831 32.47982
41.08760 44.44581 45.89917 23.95466 57.63765
30.78363 38.26443 28.83375 43.6677 37.75941
41.12563 58.5817 37.05805 52.96963 44.65517
45.11661 36.26859 13.74498 37.39321 22.04265
37.8392 33.48779 36.39385 41.29924 29.84683
38.62948 31.42936 38.44673 50.92595 45.24314
58.75724 37.94857 30.11937 34.86549 37.85438
27.74192 41.92576 48.32858 43.8704 50.00479
45.63089 38.13448 29.74361 50.90044 29.28057
16.41055 50.42439 38.06677 45.19398 46.42928
44.26144 48.10412 39.62689 31.79615 45.74238
39.93674 36.44231 37.21058 41.04732 28.64596
38.15196 41.34581 41.37101 32.88132 45.02168
38.04711 27.03180 49.60544 34.08986 49.26767
21.86164 52.15733 45.67825 43.44248 37.55334
44.37882 45.945 28.26727 34.21731 60.81525
57.52655 43.11367 35.84961 32.18570 58.88105
42.22847 34.03301 45.31841 52.03105 39.53600
46.84532 33.09238 49.94459 44.00067 38.23103
31.41547 28.57431 43.26813 35.66736 43.69936
43.75264 31.615 51.50578 58.94617 43.9988
53.35478 40.05382 47.98008 50.67001 57.58098
14.79798 22.02165 39.05398 30.61796 39.86083
39.90313 35.57868 44.87573 46.78165 38.47011
19.48360 44.39424 32.81791 44.33351 44.58759
36.71354 30.86588 15.05064 44.09505 36.01131
40.37202 31.39471 47.02661 37.83573 28.96736
34.14361 58.28997 41.22951 42.78498 57.68431
47.63271 49.8118 27.88405 30.55315 46.92757
53.49371 42.94687 54.37449 54.63767 68.88742
43.43407 29.74034 21.49662 51.00899 34.19695
43.18639 25.35397 29.66888 32.66908 62.76347
45.46717 43.25282 38.67802 38.10919 46.47114
52.09836 36.52083 49.66936 45.07434 38.89119
43.69288 45.98757 39.54988 48.89474 48.34641
41.70084 40.27819 34.00452 50.58614 38.66931
52.5458 48.57333 31.5514 34.68419 21.04887
26.41495 26.89541 27.93851 44.7348 38.59553
44.67911 33.35245 38.50828 43.40029 35.279
13.73615 24.42988 53.924 44.63734 37.48988
41.19378 32.22420 40.01853 46.20289 36.61355
37.42569 46.19967 55.36574 50.30811 41.85996
23.69156 64.10873 44.46724 35.9077 32.53939
33.47811 39.79419 49.21491 30.57569 54.71726
35.77769 33.26616 36.45688 29.96485 49.6667
47.85923 42.77123 55.84993 44.43021 56.43953
39.53683 48.76979 44.94627 38.33355 30.83863
29.71794 45.65916 24.80542 50.12707 44.8277
38.9857 23.5513 39.56383 39.68206 30.05066
40.51434 67.56792 42.38482 54.20673 49.71262
46.50509 28.05703 48.55337 34.33392 36.56393
54.64949 38.65869 42.39435 36.69993 73.26463
35.66984 47.29275 49.88016 46.0419 27.77947
15.16155 41.08004 39.96993 54.68447 40.06344
31.38319 18.87977 53.07108 53.37454 47.43667
38.76353 43.20055 33.43576 45.56971 40.16078
40.9303 41.34681 34.91617 32.58528 50.60477
38.58473 46.00701 44.46284 38.84492 44.07920
27.20526 44.95705 35.34423 33.07679 56.29008
39.44697 41.39352 33.48083 55.95738 39.64216
49.78371 36.68534 46.43619 53.84516 45.00186
37.66791 45.26349 49.91224 45.18728 43.97681
25.07572 48.86735 35.35216 30.15951 34.68047
36.97796 40.40856 33.20555 40.41693 27.25398
45.08575 32.51615 32.98132 68.69972 52.15972
27.18477 33.81178 33.19177 51.35483 45.3549
25.82102 45.99188 38.04264 39.96352 27.36318
46.69114 37.44622 28.92278 40.74734 54.37882
37.79087 40.53679 36.39213 37.37296 55.90808
47.63599 39.2355 38.86616 33.97459 52.43258
43.60728 10.27323 37.53822 49.87867 39.88437
43.72054 25.97008 28.10669 53.09348 24.41165
41.4577 40.72125 43.27396 25.60306 35.96178
21.93359 38.39125 36.37947 41.87119 43.60245
30.10801 46.7332 61.36852 57.57717 36.28288
33.05651 49.62454 58.47294 47.93606 41.98997
44.51243 40.04645 43.50425 30.10278 23.42803
30.02639 40.53506 64.34787 29.43994 37.86088
42.33774 60.43866 41.76552 31.87396 36.09763
33.36019 21.62589 50.371 29.23282 49.97868
49.59549 51.81367 25.08273 54.90334 23.0407
40.12664 31.60068 51.49666 33.75445 34.49185
29.21583 24.40053 49.10548 38.61326 48.77659
48.02759 48.10827 52.22205 55.51199 33.10682
66.40656 31.84466 46.45362 19.26055 20.68671
50.75468 44.60347 45.73629 32.96457 65.27005
34.77795 40.37843 32.80913 27.33820 44.55122
43.1133 56.81344 43.07816 46.08317 25.67327
27.14405 41.43095 51.6672 33.39399 49.08165
37.34493 35.80928 20.94179 54.19585 49.04531
32.26741 29.29321 40.9346 39.44578 39.29825
33.91653 44.58089 35.26428 31.5395 41.30112
47.94638 36.59104 42.20625 43.29602 25.94652
28.21841 49.83379 48.55707 47.77198 46.14523
34.23959 35.64676 34.33811 49.40756 51.54335
22.66159 59.66796 31.82763 39.60105 16.44953
44.3304 39.15420 52.81122 25.76137 53.1745
25.83226 27.98951 37.89221 61.2921 37.3411
39.67843 28.84156 41.31386 45.96628 52.75087
36.00857 31.22345 43.6725 39.64284 55.09504
38.75618 20.59395 35.03838 48.02062 48.45121
41.09362 44.53135 61.98588 34.40382 36.11023
33.65085 47.71172 37.11327 44.17332 37.0056
35.65843 40.00295 41.99999 44.41994 39.49188
29.64779 48.7353 42.13689 38.34934 31.14022
40.56878 31.41881 25.96621 62.92838 48.11173
19.31050 33.41317 32.99086 55.6584 50.46661
43.86328 18.36903 39.84574 31.26781 23.28542
18.12607 50.59246 43.8196 31.67541 58.98452
68.56088 31.74141 32.98937 25.29922 57.31544
28.77371 27.67155 52.76007 34.70858 43.98868
51.67613 67.13039 37.13119 60.50691 48.17638
31.31376 48.44315 43.08294 44.84564 24.80161
30.22560 20.65834 48.2041 50.65269 28.98947
33.35178 42.57029 32.92291 29.00697 42.08019
46.01491 32.31627 39.71891 32.29999 39.88301
47.45612 38.03326 50.47067 54.31983 38.73244
49.68568 48.325 52.02722 51.82483 60.46478
59.95696 32.80967 41.61186 60.04652 42.69016
35.60381 40.11410 43.45902 41.64169 28.55957
49.04578 40.68557 44.29102 46.16642 33.02627
22.70047 38.62958 36.98867 45.57167 45.03399
42.07451 66.56974 33.85805 53.98861 58.39073
28.36490 50.29984 52.4855 36.13844 34.29075
50.85533 37.90158 57.76073 40.71109 49.04025
50.0362 52.01755 39.09659 45.84431 48.34703
35.81117 36.31694 51.05109 44.37336 33.88079
47.86524 30.34505 36.75823 40.15661 21.77465
47.84471 30.78673 37.92474 28.06562 34.79229
29.67522 37.20647 41.89062 48.72293 37.42021
36.01334 46.22364 43.4121 37.83539 51.17835
34.69165 47.85372 42.90927 37.39816 42.85475
26.72285 26.80407 48.46592 40.86116 40.36475
46.20894 52.24485 47.98977 43.05651 57.76459
35.13560 62.0736 33.26115 31.87674 30.23241
25.1397 42.73284 38.19104 40.93162 33.1637
28.40168 50.6865 46.93151 32.42138 36.46285
29.76496 50.04047 54.35621 39.53499 40.88679
45.7773 17.12043 46.62322 35.92329 16.04991
35.29332 28.07483 46.22733 25.29163 29.68384
49.46553 46.38803 35.27166 61.81938 35.34517
35.01877 14.53980 44.4374 32.6305 32.83319
51.10961 61.8935 61.97158 42.26591 39.74918
54.66224 25.46218 43.07096 37.09891 32.73276
44.23417 24.03752 34.70372 39.72391 38.44845
36.71493 31.4246 43.51469 30.03784 51.99792
57.85221 41.82131 42.54661 33.04911 50.63016
53.48323 47.58984 32.24357 39.52021 39.88953
28.92154 21.06948 42.64209 37.53023 34.17327
34.8786 34.35970 32.44534 38.11994 47.19064
41.11191 49.70663 41.71479 52.59523 43.53457
43.61835 41.29017 31.72130 37.15162 32.63397
38.14678 33.01947 45.62257 38.42461 43.33881
37.62170 28.8623 46.37528 58.28289 39.4524
45.96274 53.72477 31.30815 57.34048 21.40636
43.41261 50.39674 44.75324 44.34267 36.60140
45.7099 37.36188 31.31867 49.94029 40.86934
43.79182 36.58562 43.72604 51.98773 45.63714
24.05916 17.25266 39.72497 44.98413 7.535023
54.16817 45.28119 19.47685 32.70620 49.49611
35.91738 21.44638 40.17589 27.98412 45.64532
53.27244 50.6881 40.27252 48.03286 32.31662
38.40533 43.46228 43.8745 34.95873 4.036007
31.21788 46.98411 62.20225 52.71945 46.01738
33.26503 22.98251 43.20727 45.41915 20.78457
37.2857 36.93201 62.56274 29.74148 43.01895
32.18393 56.27655 30.44987 38.45294 41.78539
44.25749 49.81695 50.49733 17.81457 56.40453
46.66 41.21038 48.09476 46.57608 29.82107
32.47168 27.30525 42.69605 32.81583 34.61991
31.79662 33.21068 37.13954 42.43719 41.76499
44.21019 44.27264 69.39091 50.47534 42.65986
46.4783 27.98423 44.39097 43.40868 70.57324
32.73718 16.26912 48.93823 32.99710 33.73319
37.24631 29.4613 30.60314 44.30048 44.13473
37.21517 35.13598 28.37219 47.04611 35.6548
57.01742 37.33332 44.70038 27.54741 51.54473
35.91913 47.68574 41.68282 32.63575 50.39755
36.41004 19.94810 43.72894 33.14446 38.42214
25.68655 37.14701 54.21993 34.1825 66.24475
23.82086 39.06616 42.57874 35.42968 42.71839
44.77011 31.26279 32.04491 45.55921 22.843
27.20853 33.72221 43.41361 54.9053 58.04103
37.04014 38.50399 47.90186 33.74382 28.16597
43.15206 32.41842 34.73798 39.74245 29.44911
33.85830 57.75544 42.74642 34.07937 46.46413
41.92064 42.82263 27.45243 37.7142 48.02959
47.09912 21.65783 52.60423 34.28472 33.58446
41.53162 45.83163 51.30841 45.69554 50.96863
37.03852 31.98386 53.95092 42.11995 34.42286
36.83031 35.30032 35.38689 46.65627 42.09009
44.65906 37.74613 29.49861 41.35944 51.23386
19.90863 50.26574 54.02947 38.73161 23.10628
59.41376 43.57071 29.54327 30.65314 47.57349
52.96729 33.76431 39.49217 49.20731 36.26334
29.27206 27.02356 41.66957 48.81969 48.177
35.75208 33.72732 29.16009 24.00817 36.63644
50.28738 41.53826 38.84553 48.28038 28.10921
27.07533 35.40925 52.6214 48.40061 39.50231
45.35181 24.90874 43.16998 29.07275 32.96105
65.62097 27.9168 38.15746 55.39054 26.93672
37.93227 47.63036 44.63705 27.84835 32.6968
42.09031 54.45375 29.63931 42.11678 36.44992
47.91421 44.72435 43.98889 44.77249 36.33189
37.50086 51.09053 47.55711 36.74817 35.17821
32.43276 52.9468 48.91049 36.85188 49.81158
37.84526 60.86612 27.49645 58.11895 28.44184
29.94654 39.46539 34.89391 51.91674 50.01713
28.85937 38.6095 29.05594 42.0069 48.32988
37.78703 38.55258 43.34982 35.81824 58.49185
29.56698 54.72554 32.98465 41.84861 44.81177
49.80927 23.80340 37.82270 53.42075 37.68003
28.17839 51.27583 27.47920 52.03037 59.74068
52.4186 49.89183 31.075 16.24874 39.33639
52.64949 42.54134 32.21607 35.73949 46.52199
54.83898 25.84305 29.61726 33.55664 47.21076
52.29559 38.56223 28.72579 34.92944 38.429
23.36153 30.0861 41.31921 43.92931 55.34276
54.30557 52.68335 35.48831 44.20689 62.06841
41.50423 33.84212 52.25605 37.98004 48.17204
39.04025 49.68464 53.3806 37.28704 39.59652
41.94263 32.23129 31.94915 42.44885 32.51903
36.34486 29.01307 44.19303 50.18879 41.28569
42.13561 44.288 38.65748 37.22936 48.63638
38.96832 55.00105 32.69016 45.75627 49.03347
54.09913 46.47513 38.76057 47.48469 31.45519
34.54190 40.7335 25.54301 34.16926 52.14358
48.06422 56.76873 45.5728 48.03898 20.99547
52.51836 27.51764 47.23372 64.00077 41.72007
49.64827 53.59174 51.94655 35.63855 37.60580
46.93194 28.34089 44.73015 37.54494 44.24904
34.68388 32.92030 22.34782 29.26757 24.27641
51.76835 27.27823 39.36842 22.46643 56.26941
35.60411 38.60210 54.42851 34.28739 30.24684
32.72896 31.23752 37.31432 32.60748 58.78963
54.9163 25.19565 31.57158 31.58021 39.39189
50.38876 31.01774 49.81775 30.58174 41.07082
55.51319 32.12425 38.43865 26.55408 33.77292
35.49456 50.0528 57.54703 29.62843 39.88162
18.09694 54.8165 51.65991 36.53862 33.37613
36.53031 22.52224 29.58527 36.21736 47.52362
47.42038 36.75041 45.52655 31.54517 36.2658
44.92927 38.36301 33.56119 29.57364 39.61928
33.11047 36.06529 45.08809 31.15724 33.42755
36.67477 59.70951 51.33937 38.45672 39.94829
20.76583 40.029 35.35966 35.84002 37.60489
24.81143 42.96436 57.87778 40.50092 34.95
29.93766 43.20234 38.41254 36.12763 40.84376
36.35431 44.58486 53.73959 38.36899 38.81893
19.66111 40.98821 34.52564 40.33683 32.49864
39.6335 61.35606 35.37375 52.66954 56.37335
32.3725 43.21727 43.12450 26.66008 51.50049
39.87673 40.67741 40.5337 59.53651 53.37433
49.55738 32.47222 29.62619 43.75918 34.79885
42.62672 52.93946 55.54178 37.11208 48.98579
28.13554 49.42617 60.54597 40.01805 32.75416
46.23092 37.81168 33.41964 40.91919 48.86994
36.08709 35.90806 46.3903 32.53964 40.82389
34.42559 40.06935 44.26015 53.24277 40.22217
22.90528 37.26863 22.32852 45.73342 47.54955
41.61831 23.92258 33.43106 49.53987 46.4187
38.63684 42.08545 38.20448 58.03802 37.86806
31.52975 50.67078 54.85525 42.96694 42.89488
49.70662 24.97154 48.94937 24.82915 25.29703
47.02059 32.11716 37.89046 58.72564 56.70906
46.17818 45.12876 23.34420 48.25195 48.77232
43.34794 31.57585 23.11823 41.37807 45.42331
29.13888 48.03493 20.75234 48.28971 46.46958
39.52399 38.04227 28.74742 42.67566 43.13623
47.93914 47.62555 48.06395 60.0706 59.14463
36.32887 46.6787 38.20432 39.97039 49.61302
31.49577 34.70037 29.89307 48.70122 50.29485
42.23223 31.53987 32.40378 22.02965 23.73096
45.7972 34.46122 43.14447 20.20854 48.49057
75.81715 39.70266 36.04114 59.93322 38.63758
40.13188 43.68787 39.52669 62.7741 31.90271
38.0171 33.05817 31.76429 25.76555 65.16484
38.54139 46.64192 29.77715 37.99863 42.67362
27.40198 46.70959 52.01562 23.43994 47.40671
48.64931 34.74772 35.23397 45.28599 40.14932
34.52952 23.07909 49.26848 39.02781 37.08368
41.98972 53.2716 52.28206 45.61465 28.53802
33.46743 35.57959 31.60524 47.01393 44.56574
45.00771 46.00172 51.34746 54.00713 60.2261
33.57263 28.22204 43.88142 56.83512 38.43904
45.0972 57.06254 34.87184 41.18856 53.36467
41.82913 17.41528 27.76666 41.25896 18.83390
42.10583 36.17382 47.78947 44.45683 37.87745
36.97538 36.64728 50.78329 33.03339 19.50235
42.70958 41.28042 35.13661 41.01466 41.53473
15.30582 30.6898 27.60683 49.13979 53.49006
47.20023 48.02209 37.06400 40.10504 50.1122
44.08086 36.12953 37.55909 46.53457 43.34321
57.09952 44.79354 43.71586 40.10762 27.65473
54.18752 56.67955 54.56634 45.65815 26.08485
48.00912 59.09635 52.60805 34.24236 48.97379
27.07477 41.46052 40.47339 44.64507 22.57525
43.33395 37.73044 29.35435 30.10726 21.00765
55.2367 37.36215 44.92663 41.46992 49.82401
48.53333 30.25616 62.03693 52.61951 32.6482
37.50505 61.38599 60.96865 54.06942 33.30517
42.98591 34.46427 17.47395 48.84839 25.78506
36.42173 66.26995 60.08746 41.89433 48.04755
29.02503 36.51343 39.77878 48.51452 54.85021
29.74381 51.01457 56.91109 39.68352 40.52673
43.87437 22.88866 36.79397 22.43833 30.23327
60.20691 38.72167 40.64396 48.95278 32.29140
39.76981 52.10072 41.46059 40.28483 43.38353
47.04576 45.09216 49.84144 28.37207 39.2586
56.72145 45.95943 28.27406 27.17153 56.1324
46.49159 32.94879 45.05927 49.53265 29.83636
27.63718 45.01024 22.04319 18.46446 40.3116
42.72051 50.00456 36.82924 32.61656 34.95307
43.45662 46.81513 54.92886 44.21615 50.97076
54.06572 29.60876 34.15644 63.26402 40.39413
43.12559 47.04452 14.25310 40.40202 56.92373
24.99618 41.70612 36.65908 58.62016 36.28496
42.01565 65.42117 42.13227 36.66509 53.28418
52.89457 42.4722 29.45176 43.15155 35.61717
33.76121 42.50794 43.93601 26.61282 51.60491
34.69191 24.48835 41.36473 43.66501 50.3515
38.68399 47.42689 42.95921 28.56530 37.43164
33.31522 32.87503 28.46248 31.75804 33.33779
35.29889 38.72536 28.76575 45.28983 28.28820
29.83235 30.57815 36.16572 35.62710 43.05061
44.57174 50.33373 47.82173 30.40671 28.98420
33.71306 34.4662 48.30406 52.483 56.36576
41.12659 47.9892 56.90098 35.36496 46.66311
50.47801 23.98143 35.28457 46.95201 48.50383
37.72785 25.30600 27.6333 31.75530 38.35818
37.26036 44.40687 43.65987 35.17216 53.11448
34.62131 36.8964 42.19202 29.05965 51.41254
42.47098 48.9587 41.10912 44.8379 53.88579
53.49371 34.60461 45.65818 29.08073 23.84805
44.45616 60.31659 31.67365 49.78033 48.09687
38.88384 36.49794 30.33010 42.34344 46.96942
31.90145 39.25232 40.72229 48.51832 42.15577
32.48179 43.7182 45.37789 36.73228 46.14418
38.37417 56.68061 27.45075 40.57641 44.13109
44.28789 48.88129 54.04099 31.35643 21.86801
24.11823 22.75826 37.37809 36.51597 63.11343
39.87178 33.63276 36.12908 27.84817 33.46004
48.46289 36.0681 45.03683 37.54256 18.21087
40.98334 33.22019 52.15176 42.7951 41.12048
50.54721 47.85389 34.01341 38.58527 39.22371
35.08786 34.34785 42.31565 42.39574 30.07645
22.72799 52.593 37.28005 38.38689 58.24536
35.58376 45.86632 27.85609 48.17553 52.87628
46.30087 37.19643 42.85579 40.04516 48.41354
37.40512 50.08489 39.88962 36.16641 48.22686
27.55695 31.35121 27.64486 37.8451 41.39011
27.32626 43.68275 57.10327 41.03148 15.17619
44.68299 40.95894 36.19250 35.92148 41.57358
40.96374 41.24508 28.02987 18.89651 35.99215
47.62539 39.80444 40.31584 46.71101 42.07596
25.72448 36.15853 34.09291 24.5408 49.75548
39.75052 34.60849 35.85885 55.32442 57.48487
43.54536 56.23651 44.15902 34.26243 30.76205
44.88628 32.04023 57.503 35.67201 56.67215
37.68293 48.46848 45.02479 42.78403 35.6605
25.11518 47.10198 41.27225 43.90554 40.77907
38.94128 51.06725 37.09139 44.69008 49.16747
41.20204 52.50509 40.54943 40.45728 47.47889
30.90759 28.16416 58.1338 24.9462 40.33286
22.98507 40.40518 61.762 36.61571 49.4681
31.01348 37.97399 34.45071 23.48208 24.58105
41.01224 51.47605 30.18789 32.21387 41.94925
44.59296 39.20043 48.63067 31.00367 35.99011
40.15965 22.78299 32.53669 55.92488 15.63241
48.29209 33.84964 30.45175 32.40499 31.84097
45.1776 39.23189 21.27590 49.89383 35.92377
29.14363 47.94401 47.37688 57.37446 29.85131
39.65316 34.43089 20.79848 45.58596 49.03857
31.62150 44.28188 49.04304 48.72695 38.9182
43.36720 34.60053 37.14212 48.78983 52.20254
34.34230 55.43799 36.18497 45.44025 40.51168
26.18135 38.56952 41.86255 37.70627 24.46581
35.34028 52.35491 35.07271 26.8577 44.35168
36.13364 48.57984 48.44065 23.26971 46.86986
40.12947 48.80224 51.25359 43.34525 44.02314
41.42828 39.66468 44.19199 38.18392 27.89328
40.20253 49.07162 20.57093 41.99879 36.32059
43.4843 33.14603 57.67078 53.26857 29.51025
33.52831 45.77825 41.46049 47.82741 57.59748
56.06302 22.59774 52.86943 38.39291 16.11324
35.08611 36.95128 35.59673 11.83650 17.52284
36.89931 44.87843 40.50883 28.10267 31.81357
30.06452 35.82215 51.64406 51.5352 34.66854
51.91887 40.90358 52.10781 43.44663 46.70359
48.03015 58.83613 42.87324 42.16343 53.68486
47.75985 33.44294 38.64513 52.42155 42.79645
22.70140 48.77257 42.84914 25.18388 30.9199
37.07612 25.41718 29.80031 44.39657 33.57186
29.7569 50.68044 52.17352 30.18795 51.71315
42.77795 39.98468 33.46162 47.28405 33.43318
35.29243 37.42634 39.99759 39.21403 46.34915
32.12591 48.57573 49.39698 39.77709 40.95412
33.65066 45.0844 41.76768 45.80191 45.42996
33.02581 36.22463 39.74918 21.94835 30.13113
39.45038 60.03855 49.33507 42.47459 45.45169
40.62371 37.56275 53.46169 64.78313 38.73186
44.84076 37.01477 42.78212 33.21623 47.93199
61.07076 44.46145 38.64653 51.44983 46.4644
51.4397 29.26747 26.79635 43.68 45.16557
42.49646 33.19401 35.16544 43.19921 38.47133
41.30995 46.53581 38.70053 42.15731 37.82250
53.19352 39.32599 43.33016 34.49727 20.61180
30.42547 36.98092 42.61714 72.33584 27.07423
46.49811 42.22147 37.33423 42.80673 42.77984
43.19847 33.02689 44.07721 54.28258 47.3526
46.00388 47.70317 39.28192 28.25585 22.96259
30.27729 33.35524 17.94488 56.82633 49.9737
54.57255 27.46723 26.37232 29.63730 38.81199
42.26746 35.97131 29.91256 30.78587 39.73658
41.76522 47.26116 36.77685 30.43070 35.99139
44.52116 43.59648 24.14534 23.29689 39.37765
27.67229 25.43689 33.06245 39.6846 47.84713
48.47818 24.85514 35.57063 46.8733 20.12161
28.78373 45.3264 29.24624 46.63728 30.18171
45.2624 46.83927 42.05203 53.92465 28.54384
37.56674 31.71606 49.08539 45.93187 37.07252
28.91267 54.27645 34.34687 37.2146 37.33133
30.68134 24.66070 40.00723 43.27332 46.05316
36.77035 34.71623 57.63962 43.87921 33.70204
45.10314 31.54862 55.89641 47.28095 40.73856
30.40456 50.50718 29.06417 41.84694 52.00242
33.73886 60.16192 26.63077 51.66264 44.0901
44.31924 44.1061 48.17891 26.14658 57.5995
25.79078 33.87251 25.76768 40.50036 58.58914
43.58467 52.20439 31.42054 38.27897 33.25313
40.24212 37.02143 47.06187 40.10293 30.94144
31.49953 41.91385 48.7267 49.52892 54.76598
43.51483 43.09913 31.94199 51.35409 53.49824
41.08648 41.30519 43.8372 28.24336 36.62948
42.44461 49.46511 50.09764 47.1016 39.74726
48.53378 51.56097 27.23267 33.59666 49.45442
48.2743 41.81028 36.94684 26.27612 34.60897
27.80360 42.47723 44.15253 38.85358 33.65304
22.22343 34.77337 39.28744 55.27241 41.55368
34.34028 37.83892 25.35706 35.41724 56.64032
48.98175 48.88188 41.22846 43.64562 43.29223
46.01085 30.05023 51.60807 41.2649 22.88266
45.60479 39.4324 41.48965 32.9151 35.74617
39.52537 53.21212 57.00378 49.82769 51.10485
29.64843 51.43848 38.72680 53.23543 35.63135
44.07956 34.80683 41.12996 25.86735 35.17799
26.01008 37.28787 29.68547 31.06424 35.10925
29.6473 50.08674 35.06224 42.12236 43.29257
49.99261 39.41484 43.76948 36.68307 40.55066
34.30739 42.87314 50.40768 42.36146 40.18154
42.67687 38.35171 43.99529 40.97205 51.94772
49.37055 42.41929 34.51747 40.59177 51.00859
56.20576 45.46932 48.95245 30.12051 51.34638
31.54582 31.2235 35.50025 42.42299 28.42623
36.67568 27.9499 40.3576 56.63445 27.12106
51.953 34.03125 35.14810 24.60638 43.14638
50.31985 45.14698 40.07649 54.06033 44.7037
48.24869 33.27245 56.10876 32.92479 32.62554
32.69798 49.69936 21.3949 32.98874 43.16089
35.55152 56.69714 29.72264 37.09025 38.63445
49.73175 25.74709 30.83974 32.75224 22.72559
41.54003 32.06306 54.55236 41.27263 43.40598
30.65990 38.93676 45.35813 40.26804 46.57542
60.12657 38.10549 20.36953 35.12374 29.67088
36.17846 62.49236 28.72885 38.39806 48.35144
38.54227 61.04125 48.41258 46.59892 30.4637
45.27798 60.42849 55.23223 43.0446 43.1927
40.59933 56.0693 36.25231 35.9648 45.6251
39.85926 27.64657 52.61805 39.54557 30.35629
42.68486 43.06681 42.27264 29.68896 53.56353
49.54719 40.92634 52.81548 39.6315 41.62733
29.72658 39.63466 23.42263 41.80382 39.92502
27.51922 28.14421 52.14937 21.64203 21.58738
32.56791 31.81304 50.64381 40.66031 32.05271
31.16646 39.77862 20.37969 43.22965 41.17072
40.99791 43.74115 48.44596 26.92154 33.80915
30.41763 47.15238 53.99072 32.30893 59.3636
34.92552 38.82815 63.26891 41.00606 28.29796
33.54696 27.88138 26.73734 37.37087 47.29907
33.481 54.28347 45.93256 31.65989 54.69876
48.60959 34.2377 39.94153 41.20466 53.2631
29.21343 40.61182 53.2319 31.4853 38.6077
31.4251 34.74472 39.8442 47.02592 28.36122
29.42659 24.19033 57.06899 10.8581 57.18174
33.99549 23.45904 55.32119 33.53334 47.44907
35.12926 45.37718 44.41928 31.76712 40.24318
39.49094 43.96735 36.63312 41.02292 47.19261
34.16252 33.10106 53.40566 58.70681 44.73728
27.63942 15.32769 47.97148 52.23691 42.19034
34.18907 61.48512 40.56198 43.70756 35.64199
34.83084 49.55421 30.22589 30.33951 29.9224
30.71193 25.93413 33.00779 40.85816 39.18471
36.03601 44.68436 52.52693 40.84073 42.37047
48.13588 40.06065 63.35828 51.34841 41.99009
57.00013 40.1629 48.55667 31.76007 24.73125
54.83626 61.8075 50.65378 43.0726 47.30723
37.24424 32.85326 46.87217 40.05844 35.84462
48.37045 50.35311 49.48803 34.91580 36.91102
49.62741 28.91230 39.34353 33.49303 35.92552
52.92308 27.52476 44.85931 59.20673 25.78358
33.62322 46.3846 51.21249 27.96593 43.91915
27.25926 42.25673 35.55196 26.70153 62.55192
46.5958 32.17482 26.78743 44.08767 20.87299
43.52593 51.75137 20.18067 38.66947 57.42344
42.47073 31.87008 47.14292 39.15383 45.85605
47.07689 48.93088 29.68387 52.28785 53.17518
34.29434 38.49906 35.50371 46.07718 26.42268
42.25397 21.99959 26.87802 40.33304 50.90454
51.05076 61.28941 36.31118 41.53254 33.12001
45.35243 32.25121 37.45091 41.71125 28.44074
54.83725 40.72648 49.26273 33.73203 39.75265
57.00484 51.29905 46.88222 30.45731 35.90841
56.70601 29.17773 41.94279 49.65696 39.36102
16.44081 42.41516 27.55393 34.79192 33.02649
46.6203 54.4102 27.63023 42.20171 41.53468
44.11504 46.02698 25.37703 39.72947 39.65315
33.7576 41.40625 41.54797 37.6507 35.80605
32.51242 46.78771 48.035 51.23889 32.44550
41.32622 51.49365 40.45546 31.79703 24.13088
36.45366 42.17352 54.03825 23.17093 42.18623
26.08127 52.72711 45.04343 50.92697 38.55712
52.30541 45.21275 42.56711 37.04869 42.40367
38.04601 26.9645 48.0516 44.95246 45.12796
41.01201 49.37514 56.1364 42.85831 45.61155
50.90847 24.23064 37.17446 35.04499 39.01594
42.12683 19.27324 27.39912 43.44741 42.72141
56.55376 46.95979 33.45464 45.89056 49.06789
27.42383 42.45173 30.64218 51.50133 54.57673
50.37912 24.89765 45.74199 61.60477 39.15346
21.00409 32.11769 48.76404 40.37433 57.64488
30.21071 28.86079 22.21287 52.77115 40.24019
33.54329 52.47293 46.14774 44.82961 44.12328
47.58227 36.87842 32.53351 35.28230 51.9179
46.21126 38.9036 55.42338 36.97203 36.65723
31.64544 31.81779 45.14762 34.51316 52.06362
40.61068 49.79107 36.48682 49.93815 31.21039
30.63505 10.48586 40.57532 45.56855 27.91888
30.86107 37.61388 46.6611 28.7288 47.17917
30.38445 30.37048 39.94773 38.74702 29.62115
27.43671 39.26327 35.77721 26.32983 60.94891
44.84792 44.20109 22.88393 41.32961 41.50403
37.53033 33.61173 31.86506 32.48331 31.33159
48.53465 48.89616 14.81519 47.60229 48.05689
30.40503 40.37083 51.24928 47.40891 26.86290
33.43176 40.55957 35.08515 39.59582 37.98407
31.66190 38.37377 42.50014 26.96201 31.02523
46.16102 30.47747 46.32759 35.66355 32.95951
41.51416 31.71462 49.90233 44.67743 35.44045
35.7087 44.14298 37.36863 23.29542 67.43507
48.67241 25.15492 36.94832 40.78468 34.76947
37.02043 45.60325 40.68562 49.15099 30.15802
35.58551 44.45072 44.19649 31.45802 36.44977
37.18883 40.26405 36.61773 35.79448 33.82361
48.38386 46.76786 18.93775 26.07082 45.00131
37.68103 42.61004 52.97852 46.09185 52.13078
31.01292 27.74072 42.38993 49.44819 25.61959
36.04899 42.93781 27.6935 54.9921 40.63632
61.39456 28.75346 42.41803 24.26950 53.08757
21.17906 33.41179 49.50164 56.60487 42.7017
27.5319 32.93541 32.37004 30.88278 59.69803
31.78196 35.48659 24.81928 45.02553 30.99566
78.78355 77.21597 65.68965 81.33706 49.71037
71.58202 79.3289 71.57256 59.87172 58.05961
73.93708 72.90476 61.6191 62.6581 60.16477
77.4023 55.80644 75.3067 55.04473 70.9539
68.33802 74.87445 57.99855 76.98963 62.45708
76.9391 63.26944 68.99918 61.81155 46.65295
73.34756 61.99417 70.2059 69.81625 49.98669
71.59824 58.98718 60.88767 53.26396 89.39195
58.41342 84.61476 81.88233 66.34756 75.24071
82.5096 64.00126 56.32238 73.67235 72.53804
77.48255 67.46177 76.94576 64.31696 79.29896
83.47104 75.26194 56.36569 55.26107 75.8988
66.63806 75.91956 79.20645 78.04547 70.37575
56.64567 67.84274 69.6207 64.55471 79.41704
64.88893 67.62108 60.49023 77.17571 75.28789
60.18423 66.28444 73.68785 65.44319 71.86365
80.43103 85.01051 40.07721 55.35536 72.27244
77.14122 78.01119 66.56682 65.38606 89.28358
84.94387 53.19152 62.73328 75.20579 52.10205
93.36694 56.46111 45.30202 62.91428 82.00949
72.75445 74.33924 66.89688 56.62706 68.11946
78.89336 86.42665 50.55566 62.28422 62.26667
84.46095 70.1978 53.86028 68.63757 72.72838
70.1612 91.13325 73.6947 54.74828 91.19497
71.00504 69.52531 73.69284 75.24819 70.47987
65.4568 65.69363 53.96771 67.10748 62.15828
56.28316 62.282 72.97537 58.23931 78.51458
50.06891 64.19365 71.27301 68.26534 68.29681
78.41713 80.8385 50.99515 59.61235 73.45927
53.1254 50.71965 70.82612 70.16604 77.19771
68.78217 62.56414 79.30295 69.38022 51.6294
66.54849 54.4882 73.28001 78.01495 63.71078
65.16238 57.21752 71.67735 52.61449 66.20161
77.71322 67.38293 72.0073 76.48766 69.14276
75.1442 62.51235 63.1864 54.19288 71.34567
77.28337 64.19987 71.5547 73.69892 48.99267
82.96573 59.80187 85.28558 66.19656 76.45663
75.58247 58.38599 85.076 52.21033 63.10318
65.86913 93.38568 59.48176 74.93054 69.86255
70.1038 40.51332 58.0502 64.21294 61.58837
53.65746 53.15728 81.94868 86.57451 76.7738
56.5685 58.91121 63.97997 77.69154 50.4126
52.33815 80.57652 84.10357 54.18664 68.65452
59.01244 57.37965 67.26818 67.24588 71.80657
83.18036 60.72163 84.73726 64.99369 63.08294
72.57292 94.50903 69.88422 61.58697 53.51677
75.65847 77.03 71.96485 57.66411 80.50678
61.97416 74.80949 81.53824 63.94361 70.69442
58.29022 61.52081 75.71388 77.88501 82.24028
64.68282 58.60943 94.6431 59.78709 67.06812
70.49677 63.9598 61.04315 95.22744 69.86775
71.46074 78.25771 58.42766 69.08032 80.58411
73.91925 48.89293 65.19999 57.20654 60.87711
69.46272 85.55821 70.43385 67.33854 64.19114
77.39054 65.45087 79.59145 44.28795 58.0998
47.61094 72.3216 63.57933 72.30899 74.86992
50.67616 67.35581 62.07669 80.45354 77.59574
66.51475 66.87358 80.5908 61.41479 47.23488
74.15346 62.0863 76.79218 56.18962 99.37628
49.35765 67.16023 60.39002 85.07743 54.79839
54.77235 58.41222 71.95688 79.63472 79.555
87.45163 67.87681 74.32135 55.18832 60.81193
62.81572 62.53842 83.5626 76.18977 76.16759
57.92529 51.40429 53.93946 81.69351 55.61556
76.77296 64.23827 75.24013 90.53988 92.2775
68.98998 80.79997 76.93738 57.41574 83.99336
80.68438 73.62079 72.14752 73.62476 54.99377
63.78828 53.99679 67.64027 68.0526 78.1158
75.28123 75.00321 59.98992 88.1826 50.39133
76.1027 74.5715 75.97167 74.10244 58.61712
52.84219 80.35466 71.35925 75.06526 57.70678
69.97751 77.52579 80.53015 61.04894 81.41739
46.78171 86.03702 50.0147 69.58159 65.69692
73.47947 61.6094 82.37198 85.36448 52.99428
49.09638 66.13214 63.29782 66.62343 78.38045
67.89214 72.75184 70.0089 71.1641 64.73793
58.74219 47.36794 64.97826 60.85076 83.56844
65.99655 58.10783 80.44734 69.56007 57.36439
49.25383 76.37523 84.70139 77.96299 71.91292
67.17031 67.32324 67.8041 77.68496 61.66322
71.66031 62.06322 68.76614 59.06917 71.25154
67.16168 69.8832 74.7852 69.49551 59.34386
62.91166 82.381 86.49016 56.92034 70.83566
92.62114 77.00565 63.1235 66.06112 71.42067
81.66703 74.4184 72.62572 77.64416 67.95697
71.28144 68.29688 68.50343 77.79188 67.7605
87.24133 44.21592 78.49358 87.88827 61.66546
61.5387 80.4908 69.665 63.83181 63.32245
70.60948 58.80872 62.06787 66.00084 63.08524
85.86878 77.14115 73.64759 61.00642 92.86521
85.77304 61.68866 69.0491 68.31941 64.248
71.53143 30.65563 69.75221 50.95409 66.50628
86.17925 69.07938 62.20078 76.14356 64.8908
71.50096 72.90637 58.6257 55.05091 45.40527
56.65989 87.73416 77.24114 58.8662 79.23804
53.6412 59.95762 58.86919 56.20986 72.7228
65.83768 58.20826 86.89686 70.91796 73.2306
77.88044 67.67459 71.7352 78.91404 75.57247
74.58883 65.93537 71.02784 78.8679 77.6387
66.93036 63.5572 66.52179 67.28791 70.62757
82.46188 71.51411 82.2092 68.13499 59.43721
74.26036 57.6561 62.44095 68.98926 63.73782
57.04592 81.31558 64.13031 73.83713 87.1342
85.49523 48.10647 72.95942 78.2578 79.29175
71.53066 72.26128 64.41088 81.54532 82.62676
73.34609 63.68022 58.50041 72.89651 74.17485
64.11464 90.36905 67.08857 58.81898 78.49752
68.28197 87.22989 76.89101 81.33866 59.9398
63.26947 86.80097 77.3884 67.93754 52.506
74.13393 71.81664 80.0418 63.53243 57.47661
71.63537 61.04299 67.87685 53.24701 80.75829
73.03408 64.4479 71.72368 72.39277 72.38479
60.15976 80.39134 60.22271 53.58208 51.64232
89.16264 75.25223 65.37388 78.34834 61.69776
81.84883 62.07046 68.45508 82.6779 70.87879
61.54197 66.91139 77.89897 75.85771 82.02852
45.48776 51.0552 81.02881 76.19842 60.98035
85.17827 72.34246 86.67444 64.47477 58.25807
70.93642 77.42698 68.98786 66.40469 88.39744
62.2884 73.71394 56.50583 60.66486 58.58549
66.86321 67.5075 69.85407 85.25734 78.34983
65.60877 61.25074 67.88932 74.12306 53.3932
59.91036 70.10558 72.81966 72.02255 79.63646
71.02599 47.35505 80.99225 73.49336 61.70445
86.8213 82.96695 58.62379 64.0339 66.33405
86.67827 73.08256 64.45032 68.79291 76.73928
70.0081 68.52341 82.4059 61.48757 69.97374
68.19354 67.04392 78.80293 89.77315 82.40375
33.49201 65.00783 52.70975 81.50151 68.75226
77.86923 64.06644 71.01386 75.65402 58.60771
65.64771 63.5151 67.85574 40.78853 69.74335
76.48427 75.0536 81.45496 85.76578 55.58078
68.21265 59.20296 66.92839 67.0764 64.93848
63.22766 61.90206 75.51922 75.88104 73.30955
70.80273 69.33769 79.35217 85.67705 74.7577
56.30054 67.7955 71.18091 68.16032 82.97073
64.58295 54.36349 67.15517 70.68695 51.61002
71.82495 80.99767 50.85133 49.3579 65.49692
72.23536 88.61385 65.614 69.89111 74.30562
78.0835 57.58673 65.68527 80.26721 89.53675
80.65928 84.84531 99.81504 72.88704 64.90874
68.26796 57.50429 76.00721 78.20383 57.91616
61.9382 67.79043 72.00822 74.70027 86.1496
59.10787 68.99886 93.211 76.6038 91.27301
69.6911 76.44566 64.78373 70.03558 69.27349
70.09285 80.63451 81.13524 82.0846 88.31506
77.26807 66.57545 83.30067 68.13764 84.0929
62.45106 72.39541 87.19776 78.54738 84.0402
61.83802 64.32158 48.59264 52.97927 59.51045
72.1886 72.0133 58.42461 64.09263 87.84574
65.75067 63.5276 69.75595 71.3954 66.83832
71.36365 68.4176 78.82164 85.194 69.26241
61.72144 80.44288 65.24238 59.88347 70.08925
73.55031 50.70164 67.92425 71.75913 90.95652
64.71751 66.24492 61.84816 68.31283 67.77217
54.48755 88.5134 70.25799 77.80338 73.9199
73.17079 68.44876 75.34238 63.4991 60.37097
65.53643 79.5214 66.48806 69.11578 59.64004
79.4648 80.37247 85.1444 67.8172 78.221
58.05746 76.79486 68.17717 69.53052 89.95556
78.83253 86.69908 85.43591 68.92493 69.71446
59.04673 79.94658 50.07219 66.86772 62.75813
63.21413 73.1162 68.5843 57.17067 75.00588
50.92835 63.4553 77.23153 81.03411 64.49107
59.06537 72.66696 72.79846 73.84933 55.9557
77.67974 70.4445 61.65245 76.55577 75.00063
55.0897 63.08001 69.45619 79.87434 57.69799
79.16336 73.35207 66.97956 59.61266 76.29222
74.49545 64.84213 56.84652 66.43985 63.98495
61.03572 60.77961 48.56453 83.99301 58.79415
71.63819 81.65111 53.47842 70.9253 62.83138
77.83323 62.71762 64.02777 81.94521 62.99319
83.14798 56.11742 64.16489 53.68652 80.903
71.30255 74.69187 73.08974 63.5112 79.21481
78.9978 67.08052 87.97662 75.69187 63.93797
80.24476 65.39008 53.72096 75.9298 73.16196
64.36734 87.44963 61.58025 70.5074 86.02635
83.43667 88.46641 59.14896 71.38866 69.89773
52.96165 67.46998 71.21904 64.29172 78.55913
87.55318 80.52255 79.90717 75.36255 64.29646
74.84317 79.15144 75.37796 69.87094 82.12294
74.92584 84.02824 63.34261 78.59417 71.89887
73.91869 77.20472 69.66428 65.62155 82.76572
89.30643 90.02917 75.74644 89.56202 67.29047
51.5729 74.70503 47.42961 69.349 73.32173
63.98958 54.26897 69.8237 64.07988 86.6614
76.178 91.95929 57.71916 71.3565 78.96003
95.75102 63.4852 63.30047 64.76334 81.59573
70.19488 65.99325 70.87291 94.83382 66.11431
61.51256 84.80975 89.481 57.34199 74.90933
86.35325 51.4981 79.03611 59.93121 67.67816
69.51329 71.54213 74.51238 75.6069 87.21509
89.40645 77.48923 51.97518 78.91808 54.34262
59.02284 56.78079 55.42428 63.90196 58.38359
56.11029 75.70116 79.2755 69.54647 75.98998
78.15982 80.77402 79.79336 64.68756 65.46387
85.84497 66.99386 80.12453 56.38643 58.37626
74.41343 67.98253 70.13188 90.53694 79.6413
65.07762 59.45224 58.0219 67.97104 67.22366
87.77597 71.98078 62.57245 76.74645 84.99442
77.2627 60.84308 74.46028 67.37158 64.40661
66.20506 79.69481 60.51637 60.6102 51.21625
91.764 72.48743 77.26304 68.84657 80.78103
85.54982 65.5128 55.5374 66.47501 78.05122
67.9358 83.70568 63.66208 52.41688 56.38706
62.56729 68.3043 72.63498 59.80125 78.23951
79.98871 69.51386 68.80262 61.14441 60.30128
67.18128 63.34577 55.46628 52.3335 58.21833
73.25489 78.13452 68.26635 65.32557 63.88045
79.15596 72.03662 59.46832 68.80643 80.10061
61.01138 78.24938 72.78876 83.761 55.75385
54.45114 65.5061 61.84134 77.2283 70.63063
65.70335 61.84011 67.66892 97.66585 63.06446
92.36414 65.03361 75.20981 77.37227 99.66038
54.82137 56.92756 66.30889 78.43583 82.9814
66.21053 64.88917 73.12968 64.6871 58.53025
57.51615 87.61936 69.94154 76.79 74.6212
65.85724 72.68179 63.51387 76.12153 73.92448
67.08316 63.39469 72.96106 65.79299 66.5265
78.7317 76.85572 74.47981 59.58367 59.96352
73.13575 65.27974 61.70439 54.64675 56.64195
71.9193 89.5401 69.47084 86.06923 69.43865
71.62687 75.17982 88.09526 71.80948 66.0987
75.12034 70.7777 62.67348 72.55279 77.66052
68.372 64.63792 64.20692 105.1785 70.68654
70.64352 88.49182 65.16486 69.57684 75.78087
65.85867 74.70068 75.0493 60.59068 66.46876
63.36545 57.50243 87.05929 67.60056 83.29519
67.71014 81.12536 64.49819 48.97466 70.73317
69.11587 70.74644 78.00522 78.20281 68.14732
65.57086 72.76232 58.73897 74.76616 59.94948
59.30755 67.81773 78.15668 43.96564 73.55917
86.3231 74.00888 78.12165 63.68499 72.54506
80.7068 67.67411 61.10086 53.23242 83.28095
60.25542 67.03004 73.19795 71.83159 82.62576
75.30067 63.12311 67.04012 74.36786 67.5525
52.11854 82.09552 74.48267 59.49209 73.51395
68.12107 65.31287 57.76405 72.31551 75.23816
71.30229 72.94426 78.02859 57.59192 69.3304
75.41937 63.26246 65.44751 75.47665 82.04566
66.06493 62.59619 57.46511 52.37752 39.92588
65.45495 72.73772 75.32947 78.08783 56.66011
77.58637 73.44762 89.4685 69.34194 84.85447
56.68461 59.79755 63.75644 93.48051 69.85457
65.81273 57.0266 68.88514 86.92894 67.36194
75.57387 80.6606 68.9829 73.66106 49.55556
69.65354 66.04635 72.97334 71.81197 72.0802
77.79774 71.79534 73.80122 76.13287 69.46007
69.7719 69.43208 65.59765 55.26013 77.65033
77.96707 69.21458 68.42874 72.44438 62.32451
89.58604 86.5368 61.76782 68.96609 67.21998
66.24377 61.45467 72.22366 69.72908 63.33136
74.46841 76.09485 45.65428 72.56512 58.60909
85.41754 90.4735 51.80264 52.05568 66.3628
57.08448 79.90071 60.62901 81.10334 68.5898
66.05549 73.71817 72.2958 60.63091 58.92818
79.27503 78.09379 74.55463 71.80997 76.48391
75.69463 53.15426 60.13447 95.32693 70.86928
52.98049 44.08774 66.02892 75.65918 79.97212
76.9885 64.38799 76.38314 81.28262 60.11464
77.04157 57.88495 75.84959 72.8235 76.24492
63.70631 57.32609 54.79582 82.46157 67.84715
60.72317 52.66311 68.65742 49.98689 83.37367
78.38482 56.68036 89.63977 68.60419 74.61504
72.45865 51.74458 78.95249 68.13596 76.22564
68.97495 86.22225 51.47468 55.5459 66.90069
82.91379 86.70943 52.57509 51.56554 68.15424
77.33089 61.71621 74.27715 68.13166 67.58211
75.95353 67.31809 80.51251 54.59049 66.72946
67.10714 54.50065 80.20566 74.99181 56.48472
64.31945 75.45827 71.16237 80.33876 75.20454
71.849 50.19347 58.9298 68.5644 61.35347
54.97572 64.76645 85.60874 68.9117 80.18363
90.88567 63.06292 82.36792 75.08303 78.80726
74.59898 61.25258 80.443 69.52317 73.62728
58.18152 57.51695 53.84982 69.48175 61.098
75.89326 75.40491 70.18664 67.66137 75.14607
72.95452 78.21879 77.67655 72.13654 86.94647
68.34067 62.37716 56.75936 70.17183 60.74923
71.14246 59.03227 74.70986 87.261 67.44144
71.82933 66.65541 74.81437 53.11316 84.30266
79.87656 76.58534 76.12958 72.3496 68.84363
78.76223 80.33067 64.20048 83.76302 85.8624
66.86688 72.76428 62.6789 66.20293 73.88199
70.59583 78.38817 78.99568 74.54456 76.8379
63.1838 68.57155 69.75596 59.88446 72.39881
60.52543 60.03627 73.7525 53.95165 58.70194
53.5162 67.37201 61.815 63.82906 65.7235
65.20689 73.63751 85.2989 69.45546 75.525
57.26999 73.20524 55.2151 69.3758 65.35042
60.20932 67.72495 79.1105 61.68239 68.3669
72.45419 61.25364 81.38154 71.85541 80.68752
76.62836 70.44294 88.37577 60.01264 62.17191
65.61173 77.03188 73.36686 53.82483 56.02724
61.26575 71.67219 57.67124 70.02294 73.3228
82.12238 80.48076 42.32844 55.62792 78.39937
72.69325 62.6205 82.7641 48.17728 71.87418
39.61916 77.23834 89.8845 55.09948 66.38647
75.76136 77.56481 66.12718 84.75278 82.36281
61.13038 81.82012 54.99449 65.91177 57.03017
77.47205 76.50116 73.80352 87.8923 74.50492
62.51093 80.99686 75.08372 70.75739 63.76851
65.12564 60.69829 71.59673 89.4637 61.76133
84.29558 62.34418 56.06442 61.18427 67.40256
63.58627 70.02834 70.4242 84.13375 62.201
74.27812 78.5178 64.3137 63.30452 94.8172
65.46876 55.72273 52.35111 71.05793 57.27146
65.98412 61.08008 73.68623 59.24619 67.76216
55.75 72.36662 66.25754 54.86436 58.35158
79.84086 77.32787 82.01284 72.27413 57.00923
71.00637 50.06688 77.8339 86.42672 66.18818
44.13571 73.22089 72.83062 82.78884 75.47509
72.43286 72.82787 74.78276 63.4123 61.79024
73.0973 59.71353 74.97883 61.4068 57.8822
71.15965 84.4303 76.75119 60.99198 73.62186
65.15204 70.42971 80.8293 65.2686 68.88742
73.70408 61.76438 75.61255 76.28523 52.15283
65.54982 51.66223 70.54015 71.08537 73.99442
79.8634 69.21737 73.98947 72.73857 56.3427
61.819 51.641 76.65548 74.14764 59.3872
64.08694 38.50144 72.56028 78.85289 75.8262
67.73898 85.6889 61.23165 73.97728 63.16898
82.18007 65.8627 60.82937 73.9188 88.836
77.9929 73.0007 94.1073 71.43924 60.6154
69.515 70.47447 78.29706 71.92601 75.18139
74.12326 69.84374 67.14655 84.73195 69.94583
63.58162 47.93132 60.7463 81.36916 64.08847
65.35973 55.34822 85.21301 84.41286 60.04106
58.85967 65.19426 61.83833 67.0371 71.5456
82.06714 68.55347 83.21535 63.2474 64.87134
75.70554 78.9605 85.56938 65.82594 69.74163
77.84968 63.74573 56.11005 84.11968 72.46258
70.04512 66.19093 83.314 79.06187 76.81495
75.24778 82.34427 90.34274 72.20276 45.15315
66.373 75.34539 69.47192 80.73584 65.51628
77.48267 61.94609 64.33869 61.70129 62.0064
81.83492 71.42519 59.09368 72.5245 65.22979
63.92347 81.68625 80.42974 66.18053 70.47944
70.03265 68.25958 65.4722 58.71306 64.31002
78.03304 74.47418 80.4897 73.87062 68.76176
64.59618 68.74498 50.52161 60.70901 76.822
82.99655 64.45965 64.49103 78.84741 87.41504
73.70184 75.57147 57.28418 57.24008 75.38816
72.15008 65.53012 69.21392 65.06024 78.40043
70.22175 65.62732 67.52629 82.32971 74.44143
63.24178 46.02572 77.7737 69.52452 68.09571
70.36011 80.43862 47.9248 75.0526 84.32208
67.39172 64.55667 81.695 68.84091 88.14893
80.87733 74.59008 67.70523 81.98112 75.15392
43.88421 56.72954 63.91195 64.74432 73.68522
75.94526 57.53172 83.20366 73.56159 65.02513
79.52335 61.49714 65.46985 68.42662 62.11585
69.39898 70.90073 69.61499 68.16297 63.74311
73.78142 68.2126 58.23574 66.38318 73.71314
62.3962 63.49961 77.36806 71.64097 58.38246
75.27198 67.8084 51.95627 69.04056 67.65012
70.55162 67.0586 62.12123 52.58838 76.90026
70.1731 61.35649 63.64954 62.86795 64.06625
65.22143 59.94614 70.6398 75.6646 70.36084
74.56855 58.60358 83.5159 77.11915 47.61513
71.73154 84.40546 65.22802 84.00262 44.82171
70.59923 69.13916 66.52865 71.44058 55.61007
72.13882 86.65287 92.2307 59.22091 75.11197
77.81274 49.81657 87.4371 88.90647 74.15642
60.36939 89.15445 65.06367 58.15225 66.14394
69.49955 71.0249 69.99235 67.88167 69.5544
72.10281 82.88134 78.48866 77.12754 71.68495
81.0105 66.70479 68.5862 80.68339 60.02569
74.42244 76.01389 82.56085 48.09236 66.06686
81.01324 69.33813 59.42938 78.18144 70.91667
79.4468 49.11104 74.04273 62.37781 81.94073
56.76593 63.94748 57.67005 54.34404 77.93323
66.65745 80.4495 80.35596 77.45093 63.98772
65.581 53.934 82.9409 74.08919 72.37221
72.95627 66.54065 73.85075 82.75416 67.95288
74.77678 62.08214 55.03584 67.41106 78.83131
82.00556 76.63837 76.49348 51.60233 63.6236
65.90573 74.12048 89.044 64.55206 73.88886
67.70128 71.53795 65.77709 58.1875 80.16583
58.67013 50.39498 85.84639 63.04022 60.63547
61.27202 70.14817 70.10011 76.09836 60.62791
60.28251 75.5053 76.71071 57.85288 82.93472
78.0585 67.70111 68.93874 62.15018 76.03755
81.92968 56.91552 67.43484 62.29875 80.02364
55.84486 72.45111 72.85061 86.6659 76.76321
60.99936 77.1359 85.46157 61.87565 77.28817
77.45298 50.01098 84.94503 75.97919 67.82888
69.12682 69.47172 57.26066 65.03018 70.98607
61.0024 81.46809 78.07337 64.77079 79.52513
96.31425 64.08115 80.82162 67.12621 81.1518
79.60857 79.1831 63.78752 76.74166 52.83232
64.28507 65.78538 83.03015 50.9274 76.37965
43.84257 73.63163 73.45317 79.6058 61.22309
69.4009 76.09993 62.06049 67.92536 82.8051
65.09849 83.02985 66.85758 79.95728 76.13778
79.84817 81.76963 89.07497 66.3272 60.10006
68.42325 77.78706 74.08801 65.599 69.15501
77.88651 72.89064 81.03447 76.5596 66.47908
69.8434 80.63044 70.06834 76.3253 96.91377
54.31344 56.61753 51.40418 74.12857 71.2525
68.55226 75.49128 51.63578 64.94072 76.73304
63.32855 73.20743 76.35207 66.66932 65.09499
72.23896 68.78696 62.97694 71.2732 84.85444
52.15804 51.48997 73.3424 55.28478 62.58403
84.02423 68.38088 75.18783 69.29529 68.77026
59.4529 56.27437 70.88089 80.65713 58.81695
66.2983 69.17042 83.35405 62.25917 89.94237
68.2806 86.4269 77.17516 65.85842 73.29615
68.70438 67.12634 71.72825 64.99015 69.16398
85.89417 60.53152 59.61405 67.92387 80.91924
67.64583 77.74116 55.95048 71.42979 62.37889
85.4748 65.10925 67.28842 68.98906 48.45696
49.67223 67.49134 58.10832 81.14859 68.16563
60.66569 57.69293 67.48611 98.86292 71.61042
75.78242 60.6683 86.81475 68.47387 70.82607
64.27638 91.94931 66.42151 55.71551 64.7786
67.68576 71.32847 80.97395 62.63193 61.25673
77.75093 59.57099 94.71768 73.7601 75.37524
76.74822 69.8803 68.67926 71.9556 71.30184
79.01454 58.913 66.97045 60.47466 78.1989
84.3149 71.65348 59.32094 67.42095 71.6632
67.82281 78.9809 58.82214 61.62176 73.36646
74.60731 84.69088 67.30607 72.27286 65.19782
58.78272 77.908 84.22563 60.192 61.70014
74.07628 72.07957 67.38093 60.88767 81.96114
74.33649 52.96237 71.93659 59.69147 73.92197
67.38041 57.336 84.0271 71.2718 72.54137
71.86285 65.95051 77.33777 73.12473 70.44748
61.82812 71.38798 68.35228 78.48198 70.0467
78.06494 54.26996 68.62837 70.9673 63.11241
70.0864 75.153 83.06133 55.13075 54.94354
72.97305 70.43713 64.03066 58.62721 74.0061
73.97815 82.4299 79.2682 65.08008 81.35633
67.14556 82.61257 78.24376 79.3612 81.2039
63.24912 68.75919 72.20366 76.07711 79.23665
72.65784 74.65641 58.09815 71.62995 68.42002
59.29933 66.0152 63.35113 64.85203 62.27115
54.24311 69.28395 60.04801 68.58814 75.4247
77.54458 57.33578 61.32524 74.67188 65.99537
71.18824 77.89585 72.09642 72.17872 88.35708
56.6397 79.62886 67.60984 75.65506 58.22728
70.41571 71.7813 57.37698 63.75363 76.46394
64.77005 74.90365 68.43174 71.23778 72.98181
74.07893 63.74752 61.49462 96.8289 70.40203
53.28807 63.44787 69.20998 68.90048 61.42504
54.73999 72.9428 50.70436 74.22626 72.90835
55.50603 77.23428 68.13897 79.52807 61.85988
75.33294 73.91529 60.74678 74.39326 61.46095
77.69348 60.34323 67.3379 70.38624 51.61806
70.02231 73.71858 56.0591 66.99423 46.87479
60.15586 60.81274 64.04009 69.95151 67.16249
90.47211 94.66694 58.26238 92.9351 53.16827
87.07298 81.44335 65.32057 54.54605 67.77237
50.01567 66.7353 53.4727 61.55085 71.33603
69.61608 57.18569 81.90259 70.09743 74.43525
76.8776 64.34663 83.9775 66.92481 75.70163
73.34043 76.77183 69.286 70.22129 65.57828
74.731 77.64316 49.87363 85.30738 68.5712
67.46085 70.992 64.59839 67.7026 66.84259
62.00497 62.81117 62.05917 68.71765 67.20648
72.07857 63.59681 71.4674 71.02813 55.48712
67.67644 69.90549 70.44638 65.92095 70.53604
75.71214 81.99496 77.63382 58.87901 89.34104
83.66137 75.56519 81.58457 69.01432 82.4765
87.488 61.51139 83.50445 74.01954 56.63667
67.8429 61.9657 65.21647 70.77058 81.99964
69.98807 70.32403 76.27971 58.25911 83.15852
65.00287 79.46577 78.78148 67.88677 79.3683
60.40249 75.40752 60.9943 56.36934 73.00727
67.42563 73.427 59.57048 76.93145 73.34505
66.30598 61.57472 61.11201 70.38113 73.76075
60.22522 82.11283 75.41865 93.16907 71.45207
53.82863 73.87798 73.57108 62.27069 61.47117
74.41917 74.446 69.27172 68.57258 62.12175
64.34009 72.37625 86.49432 74.52681 67.58339
93.62954 77.62693 64.48993 65.87754 70.1511
62.94315 60.67392 80.3178 74.0988 56.88037
76.903 67.92864 73.22002 70.68766 67.5491
76.55647 77.75128 75.65114 67.15976 87.43132
66.49856 86.8485 53.52887 69.76326 55.48503
84.4472 74.94622 73.59874 74.22476 63.0128
71.17354 73.41576 63.75578 57.29561 49.44198
88.32506 70.42983 63.80229 59.53026 65.08225
81.49525 77.38363 62.79055 72.3939 70.0868
92.15092 64.83472 61.61047 69.27288 57.41474
60.73054 70.79006 77.08404 61.90536 70.0789
75.94252 66.76182 74.03734 73.28922 72.47582
65.71551 63.57375 71.96446 79.14884 60.69711
59.10977 75.0016 59.53229 66.65791 76.00423
71.13988 54.92279 76.15422 68.60404 73.0897
86.03654 58.93869 62.966 67.34973 56.12553
68.208 72.99947 70.89958 60.3888 70.49529
62.30314 75.71375 70.34745 72.9524 81.50389
69.19081 77.86647 78.82586 59.3516 66.4654
67.77314 82.46077 70.47448 52.88308 78.79325
55.06798 63.52456 60.77863 56.4091 72.10084
80.3122 61.93822 56.13821 66.99225 61.19409
65.9651 80.23593 61.4889 61.21721 67.31579
58.92184 62.36149 70.04289 78.63098 74.66354
65.39182 80.32906 59.65232 68.86812 82.99454
48.45537 47.44362 68.63542 75.07776 72.48653
68.48145 65.16168 62.24396 74.7504 78.92234
70.75617 71.53025 64.5009 65.84756 83.65755
57.00162 60.91383 68.9942 57.06201 65.93131
64.69805 72.72947 71.89496 65.02132 52.20116
77.61245 78.96292 58.42116 68.06913 65.94086
63.343 71.3087 70.20594 62.09609 62.88249
84.72968 70.2839 78.26307 77.00386 63.38217
67.57384 75.864 70.75075 78.35663 79.64756
77.39901 64.05488 60.26324 64.46946 75.35405
41.21538 69.6312 68.48559 75.24808 69.83267
42.68321 92.27243 62.91084 63.94029 74.74516
75.45701 54.86301 68.671 66.85546 68.64476
69.83628 66.50654 65.03187 74.18257 57.04879
83.56355 76.29039 58.54093 63.55409 70.55154
66.99403 78.50344 61.74878 81.77774 66.49108
79.8698 71.6124 56.95036 59.50193 74.29634
77.70911 54.03649 67.5064 86.21457 79.35404
73.64406 63.66056 91.59747 75.11225 62.46663
52.44012 60.19269 66.28007 89.3815 86.1518
71.76559 62.15417 67.13455 76.10548 75.4765
74.11733 63.53044 81.71743 96.67605 48.83764
56.74256 69.0204 59.07295 78.41235 50.02772
67.19073 62.18775 57.13972 70.34625 84.41167
91.79191 76.7935 62.39774 94.3912 76.38761
67.42631 63.5311 68.29301 68.61612 82.73807
79.45401 73.91 79.22372 75.68872 80.41998
74.12201 79.48409 86.28217 49.95801 58.8465
66.80398 58.36824 75.86806 57.80323 74.50033
91.59751 80.76143 85.53566 71.01707 73.25414
64.74812 76.9076 63.14059 67.79332 76.12062
58.88642 70.89586 40.71363 66.62563 83.32404
56.04047 73.22158 78.01819 60.40929 75.89796
64.80509 67.403 74.12603 82.21362 89.79392
95.23252 63.17909 71.1112 77.50364 72.81262
78.49655 69.4865 81.90223 68.90823 79.65228
82.4932 72.80686 64.71017 67.46098 65.28305
81.18984 66.45796 67.36632 96.90671 69.06883
74.76693 86.53998 72.72946 77.29408 79.07964
84.4034 77.41067 76.38941 72.63622 72.88536
59.62476 79.02136 56.17074 74.42289 49.1087
68.09067 63.39054 66.78251 80.65653 92.17395
86.72038 72.78625 69.18749 76.66336 81.64699
51.94883 83.41544 63.8933 61.38248 57.79665
66.53148 65.05899 73.13379 66.5543 55.98405
75.39268 72.57035 67.7674 63.15584 74.28128
76.70862 81.10661 61.9467 71.34497 81.51268
60.86658 57.39337 72.17905 59.7046 57.00328
52.28016 55.39914 60.29009 61.43573 73.49088
65.3656 64.70313 73.31909 55.69309 69.2289
76.5524 59.04339 84.30631 84.127 72.97706
83.12201 53.4246 55.91354 70.38119 59.96133
86.36708 72.67608 67.3285 73.36139 61.8204
71.33405 83.37509 71.04349 57.24697 76.9307
48.15604 71.47152 61.06831 71.57425 47.70487
61.46972 63.27744 66.96999 65.85902 70.01042
59.83417 68.05168 50.76145 64.44936 72.62908
67.6339 63.9504 87.89738 66.62548 79.50627
58.80715 67.96837 62.67412 69.2983 69.0866
86.41526 67.72869 71.31034 75.0172 75.75187
64.37144 86.66761 72.79335 68.46694 76.90567
66.31706 65.04412 78.1326 55.82717 74.13523
81.58626 59.84971 73.21582 69.75969 64.53477
67.25111 75.14557 59.57832 65.24318 72.14509
54.15261 66.5971 71.56518 66.22781 66.08285
72.63685 56.30473 49.04479 57.04789 61.299
77.88894 71.11263 82.85087 66.45878 62.84865
54.78888 66.91001 73.8945 75.37091 68.28631
69.4846 82.78547 80.97389 89.03908 86.00344
63.3766 71.9285 52.38886 75.04624 81.99609
62.71975 53.02063 68.06091 57.84405 69.23158
67.07675 67.66084 62.77609 67.43024 58.88225
69.71327 57.95733 83.01182 85.07924 93.43941
63.32573 57.45327 57.24888 63.14431 63.58993
68.98356 58.35901 81.91468 71.82256 70.34402
60.21266 65.69713 78.3985 69.94793 43.65967
60.43704 73.45723 83.7976 51.02592 69.59234
88.21184 81.69998 70.62753 78.94044 63.56713
84.27443 71.78904 71.3963 84.66349 68.93447
71.08998 63.82618 72.43296 86.0778 51.88955
86.21948 65.40957 81.9311 86.77865 90.50175
64.89964 70.6072 83.99869 71.31276 60.19118
69.61156 48.88597 70.4489 72.82002 55.89262
59.07282 56.57748 62.5273 74.7988 71.37045
79.33114 90.44843 87.53835 69.26366 63.62245
85.89815 56.02449 77.28502 53.67555 62.36254
72.74912 71.23142 67.92567 62.24632 58.53203
82.51713 68.48655 67.79141 60.12974 58.87672
74.57825 73.60578 62.21398 83.35942 55.14171
66.3378 72.42438 72.73894 71.94751 68.49937
52.54045 74.25083 69.67428 54.81168 58.99312
60.15167 58.88635 59.60041 72.77531 71.70816
68.50586 73.94281 67.44281 75.93557 73.5007
73.80082 79.7104 73.08714 47.70322 65.61045
63.64619 79.83228 80.16788 82.27636 72.28318
66.47716 71.89247 63.4704 66.69574 65.7745
73.41219 61.88233 71.49767 65.56526 67.99043
84.78439 65.19551 65.64933 67.88875 83.9213
84.5416 67.361 73.36289 73.90824 60.80387
72.35046 57.39087 80.02362 65.00322 78.07733
70.15026 85.59124 68.27431 76.35662 52.58067
71.00525 58.8013 84.59995 96.44002 57.38193
75.18709 61.17638 76.25787 74.98345 96.38994
78.47108 54.723 69.2119 82.63883 74.38836
83.3824 84.46527 83.70393 57.53731 63.40489
80.51744 68.24536 68.211 47.68806 94.36006
60.75403 66.64116 68.96257 57.40834 94.08018
72.50925 90.23092 63.0522 74.92434 72.9011
74.40702 68.83945 56.25798 44.6232 66.99628
84.60942 83.37998 73.88094 87.079 84.02612
67.10048 73.03674 84.98958 70.18931 60.47859
77.05244 83.02765 49.05547 60.97799 74.78985
67.06044 77.14082 90.4358 77.0345 59.17876
71.84874 73.54083 59.89142 50.25059 81.399
83.8977 59.3656 69.01863 65.90379 67.91461
63.64576 56.1667 75.56837 67.30591 77.62328
55.34849 55.20006 65.61212 72.60314 56.18709
73.15913 80.80226 57.68781 73.7054 73.14714
66.94137 68.84989 83.02552 70.30568 79.00421
69.02541 68.63821 88.89692 58.53712 76.2197
50.75532 63.52129 92.95174 74.84937 54.39952
61.34852 59.88553 69.23856 84.88654 71.42663
73.92963 60.28436 66.21063 79.814 67.13122
77.09789 72.37375 62.5167 74.3391 60.17176
62.96847 77.98249 82.72123 77.66194 66.13384
50.41198 71.71594 76.0602 62.75009 59.89162
55.81866 52.55411 74.29938 68.19466 71.09009
60.99614 80.29488 51.18497 81.2281 64.9571
72.64559 80.6801 68.99867 80.51834 82.56737
66.64403 65.11097 67.78429 69.55133 77.8865
76.85445 67.43471 83.88195 72.20038 68.68463
76.5193 80.31207 78.65945 49.07531 75.16935
72.58464 48.5801 73.05463 73.31856 63.31726
80.67655 67.27818 65.34306 66.27924 56.38554
70.56588 63.76377 67.60554 74.83857 67.1135
72.551 89.57822 67.12066 63.27941 71.00491
73.80369 75.51166 61.50988 75.13901 59.34874
56.83217 55.22928 80.09435 62.6206 84.0337
75.23798 61.17834 79.57296 93.5003 72.80977
76.6255 59.0435 70.09215 71.17416 70.63288
76.95818 75.17054 75.41431 56.82429 82.89925
46.70859 92.28706 78.6452 63.79317 63.41071
72.66857 57.86673 75.48822 78.75069 66.45985
75.72939 72.82683 74.09084 60.30269 68.35218
78.47133 68.98779 78.23719 74.99149 63.62695
69.63938 63.02854 65.68043 70.00764 87.44632
70.26122 70.69881 93.6894 69.97019 55.41132
67.9068 81.8923 57.1343 76.76208 75.21881
87.3853 74.93634 70.42491 62.20733 68.45806
64.88447 73.00229 84.56792 73.30511 64.08794
66.25726 64.40928 67.4693 64.5415 81.62223
60.90188 57.81623 88.43148 67.84652 67.39172
69.97949 61.78759 59.10467 66.27457 72.32739
63.90725 66.05307 60.63186 74.53302 66.00155
76.15817 69.48037 65.16381 66.27829 77.88931
92.22892 59.73743 56.17848 57.35097 72.67522
77.92622 84.67309 74.66668 55.29633 57.58079
70.06285 75.16047 63.53685 79.08064 78.73834
73.34257 50.58077 81.16311 83.86656 71.05137
65.10687 85.1265 82.96775 68.48909 61.27517
42.89617 65.67768 68.69564 78.32102 59.59154
69.93064 76.40233 73.83758 69.25145 79.99215
64.8204 71.44255 82.10539 67.46401 71.36079
89.88255 70.03832 80.8725 77.7237 68.35682
70.20842 82.89584 60.75863 69.77039 64.96759
72.47424 72.5182 59.23911 77.38292 64.61847
53.50838 63.92095 54.22134 68.36754 85.33313
82.27342 68.72656 74.78898 70.3892 65.65517
76.02972 78.39151 69.89569 52.84524 67.74371
59.18619 67.27784 59.14227 64.91702 62.77538
82.54478 54.50412 67.29467 37.93548 64.83902
72.10554 57.78639 78.56396 52.60332 68.3645
71.26647 85.45339 73.25146 67.46261 64.55222
86.71917 50.52941 69.2932 78.81415 59.59352
65.63658 57.18699 68.30877 75.88401 75.56773
71.87157 69.87496 83.56765 79.44921 84.82906
77.1551 70.54861 58.52945 71.27037 63.21424
66.00716 54.21423 67.0529 70.61155 68.10954
52.01936 67.17347 63.86609 68.42261 50.54552
55.50946 75.718 61.78471 70.11252 75.73824
87.45583 70.5649 60.4955 80.03864 54.56019
79.21465 72.15092 68.57597 50.55848 75.83067
73.6996 77.97164 44.09928 64.84854 58.29656
60.20575 69.91931 65.6138 72.18952 57.73214
75.14248 76.3398 65.51375 95.52822 56.2143
77.92884 76.66708 86.08862 77.77878 69.00561
64.04509 83.7241 82.6103 70.93207 60.65962
73.95933 77.64408 74.23825 58.4893 66.08174
66.7866 58.8981 73.51954 81.85274 75.85518
66.21937 78.26973 75.62402 80.81723 67.71703
90.99385 66.72756 55.71347 69.65995 68.31798
77.23547 65.99826 59.02193 63.88978 68.06796
59.94975 58.1204 80.90124 78.13463 62.09108
68.36297 75.40565 78.97108 91.23027 73.0115
73.69706 82.28074 71.69173 74.49184 60.83463
81.41393 72.05824 78.89604 69.19813 70.03432
57.61208 62.05906 71.19373 61.95928 79.47577
55.20975 87.9739 78.50814 65.76687 64.47411
66.97403 78.447 69.04453 76.28263 71.93184
53.43405 73.86862 77.52832 73.77878 66.57249
56.71321 60.65248 55.32774 66.16582 63.13943
67.10752 78.86312 64.90491 87.85355 93.36601
54.91556 63.70784 67.9121 66.79879 82.3645
75.39115 77.2573 79.51958 60.32917 53.5843
65.00401 76.13305 75.97503 54.58357 71.61974
69.46574 70.01921 83.06734 84.4532 71.44946
67.18454 65.52762 62.1928 68.7881 71.62529
74.61218 66.78042 56.0017 57.34629 72.30483
57.93757 74.67466 79.51659 55.55261 68.3524
66.98554 75.93369 59.79801 60.57485 66.93433
62.34283 64.94103 57.89638 60.82749 87.76856
74.08506 65.90995 76.56966 72.83128 60.23512
72.55946 84.05968 62.42046 81.83291 81.74166
66.26764 76.72549 76.71641 55.66821 66.36443
94.25996 57.79129 84.15541 63.93549 65.29872
61.67622 80.45881 74.98318 69.9944 75.97537
77.83349 73.24638 43.64655 81.89783 85.5358
75.1469 77.93124 69.77716 68.74856 68.19056
62.67872 76.47864 75.87325 51.40018 72.66534
69.60355 63.37685 67.95234 81.03543 83.85831
66.0076 70.97853 62.68648 67.52472 69.92976
67.0973 58.32611 57.81789 88.6732 63.0341
66.64438 48.61311 69.85243 71.85978 53.89118
71.71139 59.53377 62.179 71.44543 48.7967
84.79693 71.0685 75.31956 69.55236 61.87995
67.13384 72.05484 66.77491 68.06143 74.92216
59.29284 69.69526 76.83402 68.77296 81.88195
56.83254 71.45047 69.30092 62.85634 66.54663
79.04426 72.12726 79.74224 67.19922 85.24533
74.27741 60.94764 63.7583 68.39267 80.2303
57.99625 77.63705 68.52053 65.77758 61.91385
85.03977 79.73152 68.35001 76.4837 83.77867
74.62276 92.24504 74.11321 78.52473 71.06227
63.51609 76.22531 67.49606 101.1721 68.99933
49.36142 72.46773 57.40246 88.60927 68.0853
63.70203 86.21222 75.80265 83.92414 74.50458
60.75021 58.00728 60.37895 70.74519 73.01252
72.22078 62.35271 76.1861 67.22243 70.09183
63.28672 85.62556 76.4515 83.4305 59.1966
85.14174 67.53352 85.69903 66.12209 81.54696
69.0567 69.09773 82.41944 63.99912 66.42109
57.99416 77.74128 58.91958 87.1198 69.92931
61.15202 71.11789 66.8784 82.15515 73.83696
71.9903 71.13261 61.23987 79.22416 72.59023
69.42118 69.207 59.71036 62.32846 51.73578
96.51802 70.67919 70.49118 50.66454 68.93521
77.94528 64.64358 63.07343 74.03971 67.26188
80.3437 78.88279 88.74941 57.28659 80.44261
55.97264 61.38133 81.15843 63.48544 78.83725
58.69706 78.03447 67.26774 64.86557 59.64048
62.39815 46.8963 81.37986 61.30637 65.73045
84.69146 99.67787 83.08048 82.4011 66.06693
73.32145 80.32266 66.0953 77.5925 68.47943
51.52651 55.4289 51.0483 61.25384 59.00277
72.61626 85.03322 57.37359 64.57419 50.45744
62.7981 80.55248 74.09974 73.7524 64.34648
86.8224 59.81005 61.39366 71.90413 74.5977
62.4239 63.95459 77.65047 85.4116 57.53478
72.25445 67.32013 71.62692 73.70971 55.84029
63.26975 70.80699 88.24312 73.16363 68.25018
47.87901 73.24812 80.43399 58.22212 63.24994
65.9314 70.52506 57.4237 69.48572 63.61616
58.59845 65.92858 59.97886 58.08044 53.63951
81.47654 73.6879 85.19248 70.24223 79.95053
77.04922 62.94512 64.58059 48.28759 70.89945
82.61076 64.92325 71.63982 57.43165 61.4242
65.50407 81.46326 81.9955 74.56922 76.45675
77.44767 62.29821 67.35103 76.42572 65.23658
61.75996 61.4486 71.07298 71.19687 53.22852
74.97235 64.55019 81.40414 74.03122 64.60396
59.92639 84.146 67.08699 75.98198 74.5553
75.47086 68.68319 50.46826 64.92565 74.04457
75.23001 56.74978 62.38339 46.65404 78.39286
90.27682 83.20302 81.18107 76.20628 55.01692
51.78998 79.25147 77.1458 67.69715 68.37523
58.6435 66.06186 83.05745 47.10433 63.8234
65.4577 86.52229 78.32208 70.72685 80.6031
50.61264 77.3451 71.23728 82.99552 79.4522
79.87734 72.46079 81.26758 77.06602 70.54244
56.85775 73.49712 73.59982 72.7414 87.50018
56.88386 70.0663 95.85317 62.2903 81.76658
77.18617 76.74373 69.61068 70.40778 70.74849
67.3233 71.99531 88.84623 64.74794 46.87646
77.0386 69.67882 60.05358 73.88046 55.06477
53.32596 62.1727 51.21418 66.54642 57.62624
59.30119 91.8191 60.12852 58.53501 75.53702
56.55844 64.53876 55.91416 73.50948 71.88639
67.68245 63.14358 65.62146 56.15473 52.37055
92.49122 65.60119 68.2233 63.76152 78.377
64.5828 73.87988 63.09612 69.81272 72.52777
77.35396 68.1598 65.25515 62.1573 58.75404
86.15444 69.16577 78.43402 69.8598 45.42437
83.28588 63.33285 64.42123 72.31049 50.56395
74.51342 78.40707 57.97092 70.31538 76.60326
70.68459 76.26138 54.94403 79.74437 80.8036
80.90319 71.0401 74.59371 75.50513 57.77309
72.88141 74.01554 65.4502 58.75801 63.96562
41.16325 71.77119 55.02255 68.92051 57.07558
78.62946 74.36904 82.65623 77.51658 44.31689
94.13283 93.67725 69.96072 60.76466 64.65353
