78.78355 77.21597 65.68965 81.33706 49.71037
71.58202 79.3289 71.57256 59.87172 58.05961
73.93708 72.90476 61.6191 62.6581 60.16477
77.4023 55.80644 75.3067 55.04473 70.9539
68.33802 74.87445 57.99855 76.98963 62.45708
76.9391 63.26944 68.99918 61.81155 46.65295
73.34756 61.99417 70.2059 69.81625 49.98669
71.59824 58.98718 60.88767 53.26396 89.39195
58.41342 84.61476 81.88233 66.34756 75.24071
82.5096 64.00126 56.32238 73.67235 72.53804
77.48255 67.46177 76.94576 64.31696 79.29896
83.47104 75.26194 56.36569 55.26107 75.8988
66.63806 75.91956 79.20645 78.04547 70.37575
56.64567 67.84274 69.6207 64.55471 79.41704
64.88893 67.62108 60.49023 77.17571 75.28789
60.18423 66.28444 73.68785 65.44319 71.86365
80.43103 85.01051 40.07721 55.35536 72.27244
77.14122 78.01119 66.56682 65.38606 89.28358
84.94387 53.19152 62.73328 75.20579 52.10205
93.36694 56.46111 45.30202 62.91428 82.00949
72.75445 74.33924 66.89688 56.62706 68.11946
78.89336 86.42665 50.55566 62.28422 62.26667
84.46095 70.1978 53.86028 68.63757 72.72838
70.1612 91.13325 73.6947 54.74828 91.19497
71.00504 69.52531 73.69284 75.24819 70.47987
65.4568 65.69363 53.96771 67.10748 62.15828
56.28316 62.282 72.97537 58.23931 78.51458
50.06891 64.19365 71.27301 68.26534 68.29681
78.41713 80.8385 50.99515 59.61235 73.45927
53.1254 50.71965 70.82612 70.16604 77.19771
68.78217 62.56414 79.30295 69.38022 51.6294
66.54849 54.4882 73.28001 78.01495 63.71078
65.16238 57.21752 71.67735 52.61449 66.20161
77.71322 67.38293 72.0073 76.48766 69.14276
75.1442 62.51235 63.1864 54.19288 71.34567
77.28337 64.19987 71.5547 73.69892 48.99267
82.96573 59.80187 85.28558 66.19656 76.45663
75.58247 58.38599 85.076 52.21033 63.10318
65.86913 93.38568 59.48176 74.93054 69.86255
70.1038 40.51332 58.0502 64.21294 61.58837
53.65746 53.15728 81.94868 86.57451 76.7738
56.5685 58.91121 63.97997 77.69154 50.4126
52.33815 80.57652 84.10357 54.18664 68.65452
59.01244 57.37965 67.26818 67.24588 71.80657
83.18036 60.72163 84.73726 64.99369 63.08294
72.57292 94.50903 69.88422 61.58697 53.51677
75.65847 77.03 71.96485 57.66411 80.50678
61.97416 74.80949 81.53824 63.94361 70.69442
58.29022 61.52081 75.71388 77.88501 82.24028
64.68282 58.60943 94.6431 59.78709 67.06812
70.49677 63.9598 61.04315 95.22744 69.86775
71.46074 78.25771 58.42766 69.08032 80.58411
73.91925 48.89293 65.19999 57.20654 60.87711
69.46272 85.55821 70.43385 67.33854 64.19114
77.39054 65.45087 79.59145 44.28795 58.0998
47.61094 72.3216 63.57933 72.30899 74.86992
50.67616 67.35581 62.07669 80.45354 77.59574
66.51475 66.87358 80.5908 61.41479 47.23488
74.15346 62.0863 76.79218 56.18962 99.37628
49.35765 67.16023 60.39002 85.07743 54.79839
54.77235 58.41222 71.95688 79.63472 79.555
87.45163 67.87681 74.32135 55.18832 60.81193
62.81572 62.53842 83.5626 76.18977 76.16759
57.92529 51.40429 53.93946 81.69351 55.61556
76.77296 64.23827 75.24013 90.53988 92.2775
68.98998 80.79997 76.93738 57.41574 83.99336
80.68438 73.62079 72.14752 73.62476 54.99377
63.78828 53.99679 67.64027 68.0526 78.1158
75.28123 75.00321 59.98992 88.1826 50.39133
76.1027 74.5715 75.97167 74.10244 58.61712
52.84219 80.35466 71.35925 75.06526 57.70678
69.97751 77.52579 80.53015 61.04894 81.41739
46.78171 86.03702 50.0147 69.58159 65.69692
73.47947 61.6094 82.37198 85.36448 52.99428
49.09638 66.13214 63.29782 66.62343 78.38045
67.89214 72.75184 70.0089 71.1641 64.73793
58.74219 47.36794 64.97826 60.85076 83.56844
65.99655 58.10783 80.44734 69.56007 57.36439
49.25383 76.37523 84.70139 77.96299 71.91292
67.17031 67.32324 67.8041 77.68496 61.66322
71.66031 62.06322 68.76614 59.06917 71.25154
67.16168 69.8832 74.7852 69.49551 59.34386
62.91166 82.381 86.49016 56.92034 70.83566
92.62114 77.00565 63.1235 66.06112 71.42067
81.66703 74.4184 72.62572 77.64416 67.95697
71.28144 68.29688 68.50343 77.79188 67.7605
87.24133 44.21592 78.49358 87.88827 61.66546
61.5387 80.4908 69.665 63.83181 63.32245
70.60948 58.80872 62.06787 66.00084 63.08524
85.86878 77.14115 73.64759 61.00642 92.86521
85.77304 61.68866 69.0491 68.31941 64.248
71.53143 30.65563 69.75221 50.95409 66.50628
86.17925 69.07938 62.20078 76.14356 64.8908
71.50096 72.90637 58.6257 55.05091 45.40527
56.65989 87.73416 77.24114 58.8662 79.23804
53.6412 59.95762 58.86919 56.20986 72.7228
65.83768 58.20826 86.89686 70.91796 73.2306
77.88044 67.67459 71.7352 78.91404 75.57247
74.58883 65.93537 71.02784 78.8679 77.6387
66.93036 63.5572 66.52179 67.28791 70.62757
82.46188 71.51411 82.2092 68.13499 59.43721
74.26036 57.6561 62.44095 68.98926 63.73782
57.04592 81.31558 64.13031 73.83713 87.1342
85.49523 48.10647 72.95942 78.2578 79.29175
71.53066 72.26128 64.41088 81.54532 82.62676
73.34609 63.68022 58.50041 72.89651 74.17485
64.11464 90.36905 67.08857 58.81898 78.49752
68.28197 87.22989 76.89101 81.33866 59.9398
63.26947 86.80097 77.3884 67.93754 52.506
74.13393 71.81664 80.0418 63.53243 57.47661
71.63537 61.04299 67.87685 53.24701 80.75829
73.03408 64.4479 71.72368 72.39277 72.38479
60.15976 80.39134 60.22271 53.58208 51.64232
89.16264 75.25223 65.37388 78.34834 61.69776
81.84883 62.07046 68.45508 82.6779 70.87879
61.54197 66.91139 77.89897 75.85771 82.02852
45.48776 51.0552 81.02881 76.19842 60.98035
85.17827 72.34246 86.67444 64.47477 58.25807
70.93642 77.42698 68.98786 66.40469 88.39744
62.2884 73.71394 56.50583 60.66486 58.58549
66.86321 67.5075 69.85407 85.25734 78.34983
65.60877 61.25074 67.88932 74.12306 53.3932
59.91036 70.10558 72.81966 72.02255 79.63646
71.02599 47.35505 80.99225 73.49336 61.70445
86.8213 82.96695 58.62379 64.0339 66.33405
86.67827 73.08256 64.45032 68.79291 76.73928
70.0081 68.52341 82.4059 61.48757 69.97374
68.19354 67.04392 78.80293 89.77315 82.40375
33.49201 65.00783 52.70975 81.50151 68.75226
77.86923 64.06644 71.01386 75.65402 58.60771
65.64771 63.5151 67.85574 40.78853 69.74335
76.48427 75.0536 81.45496 85.76578 55.58078
68.21265 59.20296 66.92839 67.0764 64.93848
63.22766 61.90206 75.51922 75.88104 73.30955
70.80273 69.33769 79.35217 85.67705 74.7577
56.30054 67.7955 71.18091 68.16032 82.97073
64.58295 54.36349 67.15517 70.68695 51.61002
71.82495 80.99767 50.85133 49.3579 65.49692
72.23536 88.61385 65.614 69.89111 74.30562
78.0835 57.58673 65.68527 80.26721 89.53675
80.65928 84.84531 99.81504 72.88704 64.90874
68.26796 57.50429 76.00721 78.20383 57.91616
61.9382 67.79043 72.00822 74.70027 86.1496
59.10787 68.99886 93.211 76.6038 91.27301
69.6911 76.44566 64.78373 70.03558 69.27349
70.09285 80.63451 81.13524 82.0846 88.31506
77.26807 66.57545 83.30067 68.13764 84.0929
62.45106 72.39541 87.19776 78.54738 84.0402
61.83802 64.32158 48.59264 52.97927 59.51045
72.1886 72.0133 58.42461 64.09263 87.84574
65.75067 63.5276 69.75595 71.3954 66.83832
71.36365 68.4176 78.82164 85.194 69.26241
61.72144 80.44288 65.24238 59.88347 70.08925
73.55031 50.70164 67.92425 71.75913 90.95652
64.71751 66.24492 61.84816 68.31283 67.77217
54.48755 88.5134 70.25799 77.80338 73.9199
73.17079 68.44876 75.34238 63.4991 60.37097
65.53643 79.5214 66.48806 69.11578 59.64004
79.4648 80.37247 85.1444 67.8172 78.221
58.05746 76.79486 68.17717 69.53052 89.95556
78.83253 86.69908 85.43591 68.92493 69.71446
59.04673 79.94658 50.07219 66.86772 62.75813
63.21413 73.1162 68.5843 57.17067 75.00588
50.92835 63.4553 77.23153 81.03411 64.49107
59.06537 72.66696 72.79846 73.84933 55.9557
77.67974 70.4445 61.65245 76.55577 75.00063
55.0897 63.08001 69.45619 79.87434 57.69799
79.16336 73.35207 66.97956 59.61266 76.29222
74.49545 64.84213 56.84652 66.43985 63.98495
61.03572 60.77961 48.56453 83.99301 58.79415
71.63819 81.65111 53.47842 70.9253 62.83138
77.83323 62.71762 64.02777 81.94521 62.99319
83.14798 56.11742 64.16489 53.68652 80.903
71.30255 74.69187 73.08974 63.5112 79.21481
78.9978 67.08052 87.97662 75.69187 63.93797
80.24476 65.39008 53.72096 75.9298 73.16196
64.36734 87.44963 61.58025 70.5074 86.02635
83.43667 88.46641 59.14896 71.38866 69.89773
52.96165 67.46998 71.21904 64.29172 78.55913
87.55318 80.52255 79.90717 75.36255 64.29646
74.84317 79.15144 75.37796 69.87094 82.12294
74.92584 84.02824 63.34261 78.59417 71.89887
73.91869 77.20472 69.66428 65.62155 82.76572
89.30643 90.02917 75.74644 89.56202 67.29047
51.5729 74.70503 47.42961 69.349 73.32173
63.98958 54.26897 69.8237 64.07988 86.6614
76.178 91.95929 57.71916 71.3565 78.96003
95.75102 63.4852 63.30047 64.76334 81.59573
70.19488 65.99325 70.87291 94.83382 66.11431
61.51256 84.80975 89.481 57.34199 74.90933
86.35325 51.4981 79.03611 59.93121 67.67816
69.51329 71.54213 74.51238 75.6069 87.21509
89.40645 77.48923 51.97518 78.91808 54.34262
59.02284 56.78079 55.42428 63.90196 58.38359
56.11029 75.70116 79.2755 69.54647 75.98998
78.15982 80.77402 79.79336 64.68756 65.46387
85.84497 66.99386 80.12453 56.38643 58.37626
74.41343 67.98253 70.13188 90.53694 79.6413
65.07762 59.45224 58.0219 67.97104 67.22366
87.77597 71.98078 62.57245 76.74645 84.99442
77.2627 60.84308 74.46028 67.37158 64.40661
66.20506 79.69481 60.51637 60.6102 51.21625
91.764 72.48743 77.26304 68.84657 80.78103
85.54982 65.5128 55.5374 66.47501 78.05122
67.9358 83.70568 63.66208 52.41688 56.38706
62.56729 68.3043 72.63498 59.80125 78.23951
79.98871 69.51386 68.80262 61.14441 60.30128
67.18128 63.34577 55.46628 52.3335 58.21833
73.25489 78.13452 68.26635 65.32557 63.88045
79.15596 72.03662 59.46832 68.80643 80.10061
61.01138 78.24938 72.78876 83.761 55.75385
54.45114 65.5061 61.84134 77.2283 70.63063
65.70335 61.84011 67.66892 97.66585 63.06446
92.36414 65.03361 75.20981 77.37227 99.66038
54.82137 56.92756 66.30889 78.43583 82.9814
66.21053 64.88917 73.12968 64.6871 58.53025
57.51615 87.61936 69.94154 76.79 74.6212
65.85724 72.68179 63.51387 76.12153 73.92448
67.08316 63.39469 72.96106 65.79299 66.5265
78.7317 76.85572 74.47981 59.58367 59.96352
73.13575 65.27974 61.70439 54.64675 56.64195
71.9193 89.5401 69.47084 86.06923 69.43865
71.62687 75.17982 88.09526 71.80948 66.0987
75.12034 70.7777 62.67348 72.55279 77.66052
68.372 64.63792 64.20692 105.1785 70.68654
70.64352 88.49182 65.16486 69.57684 75.78087
65.85867 74.70068 75.0493 60.59068 66.46876
63.36545 57.50243 87.05929 67.60056 83.29519
67.71014 81.12536 64.49819 48.97466 70.73317
69.11587 70.74644 78.00522 78.20281 68.14732
65.57086 72.76232 58.73897 74.76616 59.94948
59.30755 67.81773 78.15668 43.96564 73.55917
86.3231 74.00888 78.12165 63.68499 72.54506
80.7068 67.67411 61.10086 53.23242 83.28095
60.25542 67.03004 73.19795 71.83159 82.62576
75.30067 63.12311 67.04012 74.36786 67.5525
52.11854 82.09552 74.48267 59.49209 73.51395
68.12107 65.31287 57.76405 72.31551 75.23816
71.30229 72.94426 78.02859 57.59192 69.3304
75.41937 63.26246 65.44751 75.47665 82.04566
66.06493 62.59619 57.46511 52.37752 39.92588
65.45495 72.73772 75.32947 78.08783 56.66011
77.58637 73.44762 89.4685 69.34194 84.85447
56.68461 59.79755 63.75644 93.48051 69.85457
65.81273 57.0266 68.88514 86.92894 67.36194
75.57387 80.6606 68.9829 73.66106 49.55556
69.65354 66.04635 72.97334 71.81197 72.0802
77.79774 71.79534 73.80122 76.13287 69.46007
69.7719 69.43208 65.59765 55.26013 77.65033
77.96707 69.21458 68.42874 72.44438 62.32451
89.58604 86.5368 61.76782 68.96609 67.21998
66.24377 61.45467 72.22366 69.72908 63.33136
74.46841 76.09485 45.65428 72.56512 58.60909
85.41754 90.4735 51.80264 52.05568 66.3628
57.08448 79.90071 60.62901 81.10334 68.5898
66.05549 73.71817 72.2958 60.63091 58.92818
79.27503 78.09379 74.55463 71.80997 76.48391
75.69463 53.15426 60.13447 95.32693 70.86928
52.98049 44.08774 66.02892 75.65918 79.97212
76.9885 64.38799 76.38314 81.28262 60.11464
77.04157 57.88495 75.84959 72.8235 76.24492
63.70631 57.32609 54.79582 82.46157 67.84715
60.72317 52.66311 68.65742 49.98689 83.37367
78.38482 56.68036 89.63977 68.60419 74.61504
72.45865 51.74458 78.95249 68.13596 76.22564
68.97495 86.22225 51.47468 55.5459 66.90069
82.91379 86.70943 52.57509 51.56554 68.15424
77.33089 61.71621 74.27715 68.13166 67.58211
75.95353 67.31809 80.51251 54.59049 66.72946
67.10714 54.50065 80.20566 74.99181 56.48472
64.31945 75.45827 71.16237 80.33876 75.20454
71.849 50.19347 58.9298 68.5644 61.35347
54.97572 64.76645 85.60874 68.9117 80.18363
90.88567 63.06292 82.36792 75.08303 78.80726
74.59898 61.25258 80.443 69.52317 73.62728
58.18152 57.51695 53.84982 69.48175 61.098
75.89326 75.40491 70.18664 67.66137 75.14607
72.95452 78.21879 77.67655 72.13654 86.94647
68.34067 62.37716 56.75936 70.17183 60.74923
71.14246 59.03227 74.70986 87.261 67.44144
71.82933 66.65541 74.81437 53.11316 84.30266
79.87656 76.58534 76.12958 72.3496 68.84363
78.76223 80.33067 64.20048 83.76302 85.8624
66.86688 72.76428 62.6789 66.20293 73.88199
70.59583 78.38817 78.99568 74.54456 76.8379
63.1838 68.57155 69.75596 59.88446 72.39881
60.52543 60.03627 73.7525 53.95165 58.70194
53.5162 67.37201 61.815 63.82906 65.7235
65.20689 73.63751 85.2989 69.45546 75.525
57.26999 73.20524 55.2151 69.3758 65.35042
60.20932 67.72495 79.1105 61.68239 68.3669
72.45419 61.25364 81.38154 71.85541 80.68752
76.62836 70.44294 88.37577 60.01264 62.17191
65.61173 77.03188 73.36686 53.82483 56.02724
61.26575 71.67219 57.67124 70.02294 73.3228
82.12238 80.48076 42.32844 55.62792 78.39937
72.69325 62.6205 82.7641 48.17728 71.87418
39.61916 77.23834 89.8845 55.09948 66.38647
75.76136 77.56481 66.12718 84.75278 82.36281
61.13038 81.82012 54.99449 65.91177 57.03017
77.47205 76.50116 73.80352 87.8923 74.50492
62.51093 80.99686 75.08372 70.75739 63.76851
65.12564 60.69829 71.59673 89.4637 61.76133
84.29558 62.34418 56.06442 61.18427 67.40256
63.58627 70.02834 70.4242 84.13375 62.201
74.27812 78.5178 64.3137 63.30452 94.8172
65.46876 55.72273 52.35111 71.05793 57.27146
65.98412 61.08008 73.68623 59.24619 67.76216
55.75 72.36662 66.25754 54.86436 58.35158
79.84086 77.32787 82.01284 72.27413 57.00923
71.00637 50.06688 77.8339 86.42672 66.18818
44.13571 73.22089 72.83062 82.78884 75.47509
72.43286 72.82787 74.78276 63.4123 61.79024
73.0973 59.71353 74.97883 61.4068 57.8822
71.15965 84.4303 76.75119 60.99198 73.62186
65.15204 70.42971 80.8293 65.2686 68.88742
73.70408 61.76438 75.61255 76.28523 52.15283
65.54982 51.66223 70.54015 71.08537 73.99442
79.8634 69.21737 73.98947 72.73857 56.3427
61.819 51.641 76.65548 74.14764 59.3872
64.08694 38.50144 72.56028 78.85289 75.8262
67.73898 85.6889 61.23165 73.97728 63.16898
82.18007 65.8627 60.82937 73.9188 88.836
77.9929 73.0007 94.1073 71.43924 60.6154
69.515 70.47447 78.29706 71.92601 75.18139
74.12326 69.84374 67.14655 84.73195 69.94583
63.58162 47.93132 60.7463 81.36916 64.08847
65.35973 55.34822 85.21301 84.41286 60.04106
58.85967 65.19426 61.83833 67.0371 71.5456
82.06714 68.55347 83.21535 63.2474 64.87134
75.70554 78.9605 85.56938 65.82594 69.74163
77.84968 63.74573 56.11005 84.11968 72.46258
70.04512 66.19093 83.314 79.06187 76.81495
75.24778 82.34427 90.34274 72.20276 45.15315
66.373 75.34539 69.47192 80.73584 65.51628
77.48267 61.94609 64.33869 61.70129 62.0064
81.83492 71.42519 59.09368 72.5245 65.22979
63.92347 81.68625 80.42974 66.18053 70.47944
70.03265 68.25958 65.4722 58.71306 64.31002
78.03304 74.47418 80.4897 73.87062 68.76176
64.59618 68.74498 50.52161 60.70901 76.822
82.99655 64.45965 64.49103 78.84741 87.41504
73.70184 75.57147 57.28418 57.24008 75.38816
72.15008 65.53012 69.21392 65.06024 78.40043
70.22175 65.62732 67.52629 82.32971 74.44143
63.24178 46.02572 77.7737 69.52452 68.09571
70.36011 80.43862 47.9248 75.0526 84.32208
67.39172 64.55667 81.695 68.84091 88.14893
80.87733 74.59008 67.70523 81.98112 75.15392
43.88421 56.72954 63.91195 64.74432 73.68522
75.94526 57.53172 83.20366 73.56159 65.02513
79.52335 61.49714 65.46985 68.42662 62.11585
69.39898 70.90073 69.61499 68.16297 63.74311
73.78142 68.2126 58.23574 66.38318 73.71314
62.3962 63.49961 77.36806 71.64097 58.38246
75.27198 67.8084 51.95627 69.04056 67.65012
70.55162 67.0586 62.12123 52.58838 76.90026
70.1731 61.35649 63.64954 62.86795 64.06625
65.22143 59.94614 70.6398 75.6646 70.36084
74.56855 58.60358 83.5159 77.11915 47.61513
71.73154 84.40546 65.22802 84.00262 44.82171
70.59923 69.13916 66.52865 71.44058 55.61007
72.13882 86.65287 92.2307 59.22091 75.11197
77.81274 49.81657 87.4371 88.90647 74.15642
60.36939 89.15445 65.06367 58.15225 66.14394
69.49955 71.0249 69.99235 67.88167 69.5544
72.10281 82.88134 78.48866 77.12754 71.68495
81.0105 66.70479 68.5862 80.68339 60.02569
74.42244 76.01389 82.56085 48.09236 66.06686
81.01324 69.33813 59.42938 78.18144 70.91667
79.4468 49.11104 74.04273 62.37781 81.94073
56.76593 63.94748 57.67005 54.34404 77.93323
66.65745 80.4495 80.35596 77.45093 63.98772
65.581 53.934 82.9409 74.08919 72.37221
72.95627 66.54065 73.85075 82.75416 67.95288
74.77678 62.08214 55.03584 67.41106 78.83131
82.00556 76.63837 76.49348 51.60233 63.6236
65.90573 74.12048 89.044 64.55206 73.88886
67.70128 71.53795 65.77709 58.1875 80.16583
58.67013 50.39498 85.84639 63.04022 60.63547
61.27202 70.14817 70.10011 76.09836 60.62791
60.28251 75.5053 76.71071 57.85288 82.93472
78.0585 67.70111 68.93874 62.15018 76.03755
81.92968 56.91552 67.43484 62.29875 80.02364
55.84486 72.45111 72.85061 86.6659 76.76321
60.99936 77.1359 85.46157 61.87565 77.28817
77.45298 50.01098 84.94503 75.97919 67.82888
69.12682 69.47172 57.26066 65.03018 70.98607
61.0024 81.46809 78.07337 64.77079 79.52513
96.31425 64.08115 80.82162 67.12621 81.1518
79.60857 79.1831 63.78752 76.74166 52.83232
64.28507 65.78538 83.03015 50.9274 76.37965
43.84257 73.63163 73.45317 79.6058 61.22309
69.4009 76.09993 62.06049 67.92536 82.8051
65.09849 83.02985 66.85758 79.95728 76.13778
79.84817 81.76963 89.07497 66.3272 60.10006
68.42325 77.78706 74.08801 65.599 69.15501
77.88651 72.89064 81.03447 76.5596 66.47908
69.8434 80.63044 70.06834 76.3253 96.91377
54.31344 56.61753 51.40418 74.12857 71.2525
68.55226 75.49128 51.63578 64.94072 76.73304
63.32855 73.20743 76.35207 66.66932 65.09499
72.23896 68.78696 62.97694 71.2732 84.85444
52.15804 51.48997 73.3424 55.28478 62.58403
84.02423 68.38088 75.18783 69.29529 68.77026
59.4529 56.27437 70.88089 80.65713 58.81695
66.2983 69.17042 83.35405 62.25917 89.94237
68.2806 86.4269 77.17516 65.85842 73.29615
68.70438 67.12634 71.72825 64.99015 69.16398
85.89417 60.53152 59.61405 67.92387 80.91924
67.64583 77.74116 55.95048 71.42979 62.37889
85.4748 65.10925 67.28842 68.98906 48.45696
49.67223 67.49134 58.10832 81.14859 68.16563
60.66569 57.69293 67.48611 98.86292 71.61042
75.78242 60.6683 86.81475 68.47387 70.82607
64.27638 91.94931 66.42151 55.71551 64.7786
67.68576 71.32847 80.97395 62.63193 61.25673
77.75093 59.57099 94.71768 73.7601 75.37524
76.74822 69.8803 68.67926 71.9556 71.30184
79.01454 58.913 66.97045 60.47466 78.1989
84.3149 71.65348 59.32094 67.42095 71.6632
67.82281 78.9809 58.82214 61.62176 73.36646
74.60731 84.69088 67.30607 72.27286 65.19782
58.78272 77.908 84.22563 60.192 61.70014
74.07628 72.07957 67.38093 60.88767 81.96114
74.33649 52.96237 71.93659 59.69147 73.92197
67.38041 57.336 84.0271 71.2718 72.54137
71.86285 65.95051 77.33777 73.12473 70.44748
61.82812 71.38798 68.35228 78.48198 70.0467
78.06494 54.26996 68.62837 70.9673 63.11241
70.0864 75.153 83.06133 55.13075 54.94354
72.97305 70.43713 64.03066 58.62721 74.0061
73.97815 82.4299 79.2682 65.08008 81.35633
67.14556 82.61257 78.24376 79.3612 81.2039
63.24912 68.75919 72.20366 76.07711 79.23665
72.65784 74.65641 58.09815 71.62995 68.42002
59.29933 66.0152 63.35113 64.85203 62.27115
54.24311 69.28395 60.04801 68.58814 75.4247
77.54458 57.33578 61.32524 74.67188 65.99537
71.18824 77.89585 72.09642 72.17872 88.35708
56.6397 79.62886 67.60984 75.65506 58.22728
70.41571 71.7813 57.37698 63.75363 76.46394
64.77005 74.90365 68.43174 71.23778 72.98181
74.07893 63.74752 61.49462 96.8289 70.40203
53.28807 63.44787 69.20998 68.90048 61.42504
54.73999 72.9428 50.70436 74.22626 72.90835
55.50603 77.23428 68.13897 79.52807 61.85988
75.33294 73.91529 60.74678 74.39326 61.46095
77.69348 60.34323 67.3379 70.38624 51.61806
70.02231 73.71858 56.0591 66.99423 46.87479
60.15586 60.81274 64.04009 69.95151 67.16249
90.47211 94.66694 58.26238 92.9351 53.16827
87.07298 81.44335 65.32057 54.54605 67.77237
50.01567 66.7353 53.4727 61.55085 71.33603
69.61608 57.18569 81.90259 70.09743 74.43525
76.8776 64.34663 83.9775 66.92481 75.70163
73.34043 76.77183 69.286 70.22129 65.57828
74.731 77.64316 49.87363 85.30738 68.5712
67.46085 70.992 64.59839 67.7026 66.84259
62.00497 62.81117 62.05917 68.71765 67.20648
72.07857 63.59681 71.4674 71.02813 55.48712
67.67644 69.90549 70.44638 65.92095 70.53604
75.71214 81.99496 77.63382 58.87901 89.34104
83.66137 75.56519 81.58457 69.01432 82.4765
87.488 61.51139 83.50445 74.01954 56.63667
67.8429 61.9657 65.21647 70.77058 81.99964
69.98807 70.32403 76.27971 58.25911 83.15852
65.00287 79.46577 78.78148 67.88677 79.3683
60.40249 75.40752 60.9943 56.36934 73.00727
67.42563 73.427 59.57048 76.93145 73.34505
66.30598 61.57472 61.11201 70.38113 73.76075
60.22522 82.11283 75.41865 93.16907 71.45207
53.82863 73.87798 73.57108 62.27069 61.47117
74.41917 74.446 69.27172 68.57258 62.12175
64.34009 72.37625 86.49432 74.52681 67.58339
93.62954 77.62693 64.48993 65.87754 70.1511
62.94315 60.67392 80.3178 74.0988 56.88037
76.903 67.92864 73.22002 70.68766 67.5491
76.55647 77.75128 75.65114 67.15976 87.43132
66.49856 86.8485 53.52887 69.76326 55.48503
84.4472 74.94622 73.59874 74.22476 63.0128
71.17354 73.41576 63.75578 57.29561 49.44198
88.32506 70.42983 63.80229 59.53026 65.08225
81.49525 77.38363 62.79055 72.3939 70.0868
92.15092 64.83472 61.61047 69.27288 57.41474
60.73054 70.79006 77.08404 61.90536 70.0789
75.94252 66.76182 74.03734 73.28922 72.47582
65.71551 63.57375 71.96446 79.14884 60.69711
59.10977 75.0016 59.53229 66.65791 76.00423
71.13988 54.92279 76.15422 68.60404 73.0897
86.03654 58.93869 62.966 67.34973 56.12553
68.208 72.99947 70.89958 60.3888 70.49529
62.30314 75.71375 70.34745 72.9524 81.50389
69.19081 77.86647 78.82586 59.3516 66.4654
67.77314 82.46077 70.47448 52.88308 78.79325
55.06798 63.52456 60.77863 56.4091 72.10084
80.3122 61.93822 56.13821 66.99225 61.19409
65.9651 80.23593 61.4889 61.21721 67.31579
58.92184 62.36149 70.04289 78.63098 74.66354
65.39182 80.32906 59.65232 68.86812 82.99454
48.45537 47.44362 68.63542 75.07776 72.48653
68.48145 65.16168 62.24396 74.7504 78.92234
70.75617 71.53025 64.5009 65.84756 83.65755
57.00162 60.91383 68.9942 57.06201 65.93131
64.69805 72.72947 71.89496 65.02132 52.20116
77.61245 78.96292 58.42116 68.06913 65.94086
63.343 71.3087 70.20594 62.09609 62.88249
84.72968 70.2839 78.26307 77.00386 63.38217
67.57384 75.864 70.75075 78.35663 79.64756
77.39901 64.05488 60.26324 64.46946 75.35405
41.21538 69.6312 68.48559 75.24808 69.83267
42.68321 92.27243 62.91084 63.94029 74.74516
75.45701 54.86301 68.671 66.85546 68.64476
69.83628 66.50654 65.03187 74.18257 57.04879
83.56355 76.29039 58.54093 63.55409 70.55154
66.99403 78.50344 61.74878 81.77774 66.49108
79.8698 71.6124 56.95036 59.50193 74.29634
77.70911 54.03649 67.5064 86.21457 79.35404
73.64406 63.66056 91.59747 75.11225 62.46663
52.44012 60.19269 66.28007 89.3815 86.1518
71.76559 62.15417 67.13455 76.10548 75.4765
74.11733 63.53044 81.71743 96.67605 48.83764
56.74256 69.0204 59.07295 78.41235 50.02772
67.19073 62.18775 57.13972 70.34625 84.41167
91.79191 76.7935 62.39774 94.3912 76.38761
67.42631 63.5311 68.29301 68.61612 82.73807
79.45401 73.91 79.22372 75.68872 80.41998
74.12201 79.48409 86.28217 49.95801 58.8465
66.80398 58.36824 75.86806 57.80323 74.50033
91.59751 80.76143 85.53566 71.01707 73.25414
64.74812 76.9076 63.14059 67.79332 76.12062
58.88642 70.89586 40.71363 66.62563 83.32404
56.04047 73.22158 78.01819 60.40929 75.89796
64.80509 67.403 74.12603 82.21362 89.79392
95.23252 63.17909 71.1112 77.50364 72.81262
78.49655 69.4865 81.90223 68.90823 79.65228
82.4932 72.80686 64.71017 67.46098 65.28305
81.18984 66.45796 67.36632 96.90671 69.06883
74.76693 86.53998 72.72946 77.29408 79.07964
84.4034 77.41067 76.38941 72.63622 72.88536
59.62476 79.02136 56.17074 74.42289 49.1087
68.09067 63.39054 66.78251 80.65653 92.17395
86.72038 72.78625 69.18749 76.66336 81.64699
51.94883 83.41544 63.8933 61.38248 57.79665
66.53148 65.05899 73.13379 66.5543 55.98405
75.39268 72.57035 67.7674 63.15584 74.28128
76.70862 81.10661 61.9467 71.34497 81.51268
60.86658 57.39337 72.17905 59.7046 57.00328
52.28016 55.39914 60.29009 61.43573 73.49088
65.3656 64.70313 73.31909 55.69309 69.2289
76.5524 59.04339 84.30631 84.127 72.97706
83.12201 53.4246 55.91354 70.38119 59.96133
86.36708 72.67608 67.3285 73.36139 61.8204
71.33405 83.37509 71.04349 57.24697 76.9307
48.15604 71.47152 61.06831 71.57425 47.70487
61.46972 63.27744 66.96999 65.85902 70.01042
59.83417 68.05168 50.76145 64.44936 72.62908
67.6339 63.9504 87.89738 66.62548 79.50627
58.80715 67.96837 62.67412 69.2983 69.0866
86.41526 67.72869 71.31034 75.0172 75.75187
64.37144 86.66761 72.79335 68.46694 76.90567
66.31706 65.04412 78.1326 55.82717 74.13523
81.58626 59.84971 73.21582 69.75969 64.53477
67.25111 75.14557 59.57832 65.24318 72.14509
54.15261 66.5971 71.56518 66.22781 66.08285
72.63685 56.30473 49.04479 57.04789 61.299
77.88894 71.11263 82.85087 66.45878 62.84865
54.78888 66.91001 73.8945 75.37091 68.28631
69.4846 82.78547 80.97389 89.03908 86.00344
63.3766 71.9285 52.38886 75.04624 81.99609
62.71975 53.02063 68.06091 57.84405 69.23158
67.07675 67.66084 62.77609 67.43024 58.88225
69.71327 57.95733 83.01182 85.07924 93.43941
63.32573 57.45327 57.24888 63.14431 63.58993
68.98356 58.35901 81.91468 71.82256 70.34402
60.21266 65.69713 78.3985 69.94793 43.65967
60.43704 73.45723 83.7976 51.02592 69.59234
88.21184 81.69998 70.62753 78.94044 63.56713
84.27443 71.78904 71.3963 84.66349 68.93447
71.08998 63.82618 72.43296 86.0778 51.88955
86.21948 65.40957 81.9311 86.77865 90.50175
64.89964 70.6072 83.99869 71.31276 60.19118
69.61156 48.88597 70.4489 72.82002 55.89262
59.07282 56.57748 62.5273 74.7988 71.37045
79.33114 90.44843 87.53835 69.26366 63.62245
85.89815 56.02449 77.28502 53.67555 62.36254
72.74912 71.23142 67.92567 62.24632 58.53203
82.51713 68.48655 67.79141 60.12974 58.87672
74.57825 73.60578 62.21398 83.35942 55.14171
66.3378 72.42438 72.73894 71.94751 68.49937
52.54045 74.25083 69.67428 54.81168 58.99312
60.15167 58.88635 59.60041 72.77531 71.70816
68.50586 73.94281 67.44281 75.93557 73.5007
73.80082 79.7104 73.08714 47.70322 65.61045
63.64619 79.83228 80.16788 82.27636 72.28318
66.47716 71.89247 63.4704 66.69574 65.7745
73.41219 61.88233 71.49767 65.56526 67.99043
84.78439 65.19551 65.64933 67.88875 83.9213
84.5416 67.361 73.36289 73.90824 60.80387
72.35046 57.39087 80.02362 65.00322 78.07733
70.15026 85.59124 68.27431 76.35662 52.58067
71.00525 58.8013 84.59995 96.44002 57.38193
75.18709 61.17638 76.25787 74.98345 96.38994
78.47108 54.723 69.2119 82.63883 74.38836
83.3824 84.46527 83.70393 57.53731 63.40489
80.51744 68.24536 68.211 47.68806 94.36006
60.75403 66.64116 68.96257 57.40834 94.08018
72.50925 90.23092 63.0522 74.92434 72.9011
74.40702 68.83945 56.25798 44.6232 66.99628
84.60942 83.37998 73.88094 87.079 84.02612
67.10048 73.03674 84.98958 70.18931 60.47859
77.05244 83.02765 49.05547 60.97799 74.78985
67.06044 77.14082 90.4358 77.0345 59.17876
71.84874 73.54083 59.89142 50.25059 81.399
83.8977 59.3656 69.01863 65.90379 67.91461
63.64576 56.1667 75.56837 67.30591 77.62328
55.34849 55.20006 65.61212 72.60314 56.18709
73.15913 80.80226 57.68781 73.7054 73.14714
66.94137 68.84989 83.02552 70.30568 79.00421
69.02541 68.63821 88.89692 58.53712 76.2197
50.75532 63.52129 92.95174 74.84937 54.39952
61.34852 59.88553 69.23856 84.88654 71.42663
73.92963 60.28436 66.21063 79.814 67.13122
77.09789 72.37375 62.5167 74.3391 60.17176
62.96847 77.98249 82.72123 77.66194 66.13384
50.41198 71.71594 76.0602 62.75009 59.89162
55.81866 52.55411 74.29938 68.19466 71.09009
60.99614 80.29488 51.18497 81.2281 64.9571
72.64559 80.6801 68.99867 80.51834 82.56737
66.64403 65.11097 67.78429 69.55133 77.8865
76.85445 67.43471 83.88195 72.20038 68.68463
76.5193 80.31207 78.65945 49.07531 75.16935
72.58464 48.5801 73.05463 73.31856 63.31726
80.67655 67.27818 65.34306 66.27924 56.38554
70.56588 63.76377 67.60554 74.83857 67.1135
72.551 89.57822 67.12066 63.27941 71.00491
73.80369 75.51166 61.50988 75.13901 59.34874
56.83217 55.22928 80.09435 62.6206 84.0337
75.23798 61.17834 79.57296 93.5003 72.80977
76.6255 59.0435 70.09215 71.17416 70.63288
76.95818 75.17054 75.41431 56.82429 82.89925
46.70859 92.28706 78.6452 63.79317 63.41071
72.66857 57.86673 75.48822 78.75069 66.45985
75.72939 72.82683 74.09084 60.30269 68.35218
78.47133 68.98779 78.23719 74.99149 63.62695
69.63938 63.02854 65.68043 70.00764 87.44632
70.26122 70.69881 93.6894 69.97019 55.41132
67.9068 81.8923 57.1343 76.76208 75.21881
87.3853 74.93634 70.42491 62.20733 68.45806
64.88447 73.00229 84.56792 73.30511 64.08794
66.25726 64.40928 67.4693 64.5415 81.62223
60.90188 57.81623 88.43148 67.84652 67.39172
69.97949 61.78759 59.10467 66.27457 72.32739
63.90725 66.05307 60.63186 74.53302 66.00155
76.15817 69.48037 65.16381 66.27829 77.88931
92.22892 59.73743 56.17848 57.35097 72.67522
77.92622 84.67309 74.66668 55.29633 57.58079
70.06285 75.16047 63.53685 79.08064 78.73834
73.34257 50.58077 81.16311 83.86656 71.05137
65.10687 85.1265 82.96775 68.48909 61.27517
42.89617 65.67768 68.69564 78.32102 59.59154
69.93064 76.40233 73.83758 69.25145 79.99215
64.8204 71.44255 82.10539 67.46401 71.36079
89.88255 70.03832 80.8725 77.7237 68.35682
70.20842 82.89584 60.75863 69.77039 64.96759
72.47424 72.5182 59.23911 77.38292 64.61847
53.50838 63.92095 54.22134 68.36754 85.33313
82.27342 68.72656 74.78898 70.3892 65.65517
76.02972 78.39151 69.89569 52.84524 67.74371
59.18619 67.27784 59.14227 64.91702 62.77538
82.54478 54.50412 67.29467 37.93548 64.83902
72.10554 57.78639 78.56396 52.60332 68.3645
71.26647 85.45339 73.25146 67.46261 64.55222
86.71917 50.52941 69.2932 78.81415 59.59352
65.63658 57.18699 68.30877 75.88401 75.56773
71.87157 69.87496 83.56765 79.44921 84.82906
77.1551 70.54861 58.52945 71.27037 63.21424
66.00716 54.21423 67.0529 70.61155 68.10954
52.01936 67.17347 63.86609 68.42261 50.54552
55.50946 75.718 61.78471 70.11252 75.73824
87.45583 70.5649 60.4955 80.03864 54.56019
79.21465 72.15092 68.57597 50.55848 75.83067
73.6996 77.97164 44.09928 64.84854 58.29656
60.20575 69.91931 65.6138 72.18952 57.73214
75.14248 76.3398 65.51375 95.52822 56.2143
77.92884 76.66708 86.08862 77.77878 69.00561
64.04509 83.7241 82.6103 70.93207 60.65962
73.95933 77.64408 74.23825 58.4893 66.08174
66.7866 58.8981 73.51954 81.85274 75.85518
66.21937 78.26973 75.62402 80.81723 67.71703
90.99385 66.72756 55.71347 69.65995 68.31798
77.23547 65.99826 59.02193 63.88978 68.06796
59.94975 58.1204 80.90124 78.13463 62.09108
68.36297 75.40565 78.97108 91.23027 73.0115
73.69706 82.28074 71.69173 74.49184 60.83463
81.41393 72.05824 78.89604 69.19813 70.03432
57.61208 62.05906 71.19373 61.95928 79.47577
55.20975 87.9739 78.50814 65.76687 64.47411
66.97403 78.447 69.04453 76.28263 71.93184
53.43405 73.86862 77.52832 73.77878 66.57249
56.71321 60.65248 55.32774 66.16582 63.13943
67.10752 78.86312 64.90491 87.85355 93.36601
54.91556 63.70784 67.9121 66.79879 82.3645
75.39115 77.2573 79.51958 60.32917 53.5843
65.00401 76.13305 75.97503 54.58357 71.61974
69.46574 70.01921 83.06734 84.4532 71.44946
67.18454 65.52762 62.1928 68.7881 71.62529
74.61218 66.78042 56.0017 57.34629 72.30483
57.93757 74.67466 79.51659 55.55261 68.3524
66.98554 75.93369 59.79801 60.57485 66.93433
62.34283 64.94103 57.89638 60.82749 87.76856
74.08506 65.90995 76.56966 72.83128 60.23512
72.55946 84.05968 62.42046 81.83291 81.74166
66.26764 76.72549 76.71641 55.66821 66.36443
94.25996 57.79129 84.15541 63.93549 65.29872
61.67622 80.45881 74.98318 69.9944 75.97537
77.83349 73.24638 43.64655 81.89783 85.5358
75.1469 77.93124 69.77716 68.74856 68.19056
62.67872 76.47864 75.87325 51.40018 72.66534
69.60355 63.37685 67.95234 81.03543 83.85831
66.0076 70.97853 62.68648 67.52472 69.92976
67.0973 58.32611 57.81789 88.6732 63.0341
66.64438 48.61311 69.85243 71.85978 53.89118
71.71139 59.53377 62.179 71.44543 48.7967
84.79693 71.0685 75.31956 69.55236 61.87995
67.13384 72.05484 66.77491 68.06143 74.92216
59.29284 69.69526 76.83402 68.77296 81.88195
56.83254 71.45047 69.30092 62.85634 66.54663
79.04426 72.12726 79.74224 67.19922 85.24533
74.27741 60.94764 63.7583 68.39267 80.2303
57.99625 77.63705 68.52053 65.77758 61.91385
85.03977 79.73152 68.35001 76.4837 83.77867
74.62276 92.24504 74.11321 78.52473 71.06227
63.51609 76.22531 67.49606 101.1721 68.99933
49.36142 72.46773 57.40246 88.60927 68.0853
63.70203 86.21222 75.80265 83.92414 74.50458
60.75021 58.00728 60.37895 70.74519 73.01252
72.22078 62.35271 76.1861 67.22243 70.09183
63.28672 85.62556 76.4515 83.4305 59.1966
85.14174 67.53352 85.69903 66.12209 81.54696
69.0567 69.09773 82.41944 63.99912 66.42109
57.99416 77.74128 58.91958 87.1198 69.92931
61.15202 71.11789 66.8784 82.15515 73.83696
71.9903 71.13261 61.23987 79.22416 72.59023
69.42118 69.207 59.71036 62.32846 51.73578
96.51802 70.67919 70.49118 50.66454 68.93521
77.94528 64.64358 63.07343 74.03971 67.26188
80.3437 78.88279 88.74941 57.28659 80.44261
55.97264 61.38133 81.15843 63.48544 78.83725
58.69706 78.03447 67.26774 64.86557 59.64048
62.39815 46.8963 81.37986 61.30637 65.73045
84.69146 99.67787 83.08048 82.4011 66.06693
73.32145 80.32266 66.0953 77.5925 68.47943
51.52651 55.4289 51.0483 61.25384 59.00277
72.61626 85.03322 57.37359 64.57419 50.45744
62.7981 80.55248 74.09974 73.7524 64.34648
86.8224 59.81005 61.39366 71.90413 74.5977
62.4239 63.95459 77.65047 85.4116 57.53478
72.25445 67.32013 71.62692 73.70971 55.84029
63.26975 70.80699 88.24312 73.16363 68.25018
47.87901 73.24812 80.43399 58.22212 63.24994
65.9314 70.52506 57.4237 69.48572 63.61616
58.59845 65.92858 59.97886 58.08044 53.63951
81.47654 73.6879 85.19248 70.24223 79.95053
77.04922 62.94512 64.58059 48.28759 70.89945
82.61076 64.92325 71.63982 57.43165 61.4242
65.50407 81.46326 81.9955 74.56922 76.45675
77.44767 62.29821 67.35103 76.42572 65.23658
61.75996 61.4486 71.07298 71.19687 53.22852
74.97235 64.55019 81.40414 74.03122 64.60396
59.92639 84.146 67.08699 75.98198 74.5553
75.47086 68.68319 50.46826 64.92565 74.04457
75.23001 56.74978 62.38339 46.65404 78.39286
90.27682 83.20302 81.18107 76.20628 55.01692
51.78998 79.25147 77.1458 67.69715 68.37523
58.6435 66.06186 83.05745 47.10433 63.8234
65.4577 86.52229 78.32208 70.72685 80.6031
50.61264 77.3451 71.23728 82.99552 79.4522
79.87734 72.46079 81.26758 77.06602 70.54244
56.85775 73.49712 73.59982 72.7414 87.50018
56.88386 70.0663 95.85317 62.2903 81.76658
77.18617 76.74373 69.61068 70.40778 70.74849
67.3233 71.99531 88.84623 64.74794 46.87646
77.0386 69.67882 60.05358 73.88046 55.06477
53.32596 62.1727 51.21418 66.54642 57.62624
59.30119 91.8191 60.12852 58.53501 75.53702
56.55844 64.53876 55.91416 73.50948 71.88639
67.68245 63.14358 65.62146 56.15473 52.37055
92.49122 65.60119 68.2233 63.76152 78.377
64.5828 73.87988 63.09612 69.81272 72.52777
77.35396 68.1598 65.25515 62.1573 58.75404
86.15444 69.16577 78.43402 69.8598 45.42437
83.28588 63.33285 64.42123 72.31049 50.56395
74.51342 78.40707 57.97092 70.31538 76.60326
70.68459 76.26138 54.94403 79.74437 80.8036
80.90319 71.0401 74.59371 75.50513 57.77309
72.88141 74.01554 65.4502 58.75801 63.96562
41.16325 71.77119 55.02255 68.92051 57.07558
78.62946 74.36904 82.65623 77.51658 44.31689
94.13283 93.67725 69.96072 60.76466 64.65353
