50.30555 37.46311 25.66694 34.84332 33.09544
21.08995 43.75383 39.50759 44.50153 48.22103
45.83346 49.22699 40.51793 43.35288 28.34488
17.90599 52.16767 41.6774 36.01363 37.35016
41.44622 28.57571 44.3509 33.45627 12.54189
55.99788 36.077 52.8489 48.00365 35.57649
37.00643 48.26901 60.23701 50.02612 46.47767
40.01443 37.16604 42.20818 33.04955 34.94295
45.58297 55.83404 38.46002 39.44105 38.68927
46.19621 28.01911 36.58654 53.2474 44.72927
41.13703 36.81929 30.87092 45.97672 29.63748
46.6144 16.66837 44.82572 43.81329 42.1519
44.65621 32.91748 36.502 39.5723 26.64284
32.80648 27.9383 40.78935 29.04665 41.33965
32.34542 27.53709 29.32527 43.50218 28.85636
39.8004 53.08656 30.70468 28.62831 47.35101
41.10709 39.25449 37.46064 30.11487 33.84106
44.61633 36.20948 66.91696 47.52531 56.23851
61.81209 42.7398 40.01508 40.20312 12.6146
44.24655 46.22566 50.33335 42.20474 27.39858
44.24094 39.33309 20.57747 54.89162 55.71139
43.56025 23.87634 18.88042 51.47456 39.99971
42.71261 27.18813 25.39415 23.55578 29.34776
33.9407 37.01026 38.50523 44.31938 49.59715
31.0212 42.00539 47.37578 47.17502 35.47091
34.99112 27.41134 39.5662 47.43014 50.67124
44.71985 45.63373 34.02215 44.39732 48.47964
36.29223 33.46587 45.51777 52.48795 46.87992
37.13053 48.41991 45.12498 31.95653 40.88623
22.26281 37.32385 47.68404 41.07753 44.15527
32.56372 24.70255 36.5067 38.95156 30.54447
31.07483 39.60782 37.03415 41.10298 46.02964
49.74498 18.82578 49.19202 35.26464 50.95466
36.03909 27.56972 30.59759 35.58813 52.76295
74.21441 32.78564 41.73035 48.81421 28.07873
35.49864 50.65985 46.76691 42.42943 46.84951
24.93905 38.57454 43.39172 31.74531 38.52246
22.50028 49.16242 39.44033 35.47126 43.06505
33.62187 29.69099 37.35461 30.51796 28.90428
25.53708 27.2837 58.62962 48.28121 47.71728
36.47072 38.62842 32.79287 48.78315 36.96475
40.69654 21.88254 47.90779 39.5818 41.92799
50.95125 39.83737 45.3372 38.67599 45.54277
36.82294 48.30922 34.7415 44.20036 35.13046
34.55686 44.6956 40.32184 25.5664 42.79943
46.82885 17.25163 48.01187 35.59823 39.42231
58.87608 40.92184 42.15555 38.959 33.54294
47.92548 24.77681 48.69442 58.67498 44.71648
24.13468 60.00703 49.44266 18.18088 12.19952
40.15219 40.72895 26.17393 20.76418 58.25198
46.56413 41.1281 40.90875 47.1178 38.18433
33.29027 46.2537 39.54664 35.12514 37.90516
42.4352 43.75759 15.45839 40.65822 41.53811
33.00241 45.02115 31.81596 57.27479 49.42584
12.33985 44.99925 32.88509 25.62862 45.45637
21.07795 24.73905 37.06073 56.79201 28.1845
34.92299 27.21524 32.13169 38.87174 32.45142
32.49797 28.91035 40.68127 33.35415 40.96981
28.60437 31.45418 37.56116 42.69674 34.44209
33.93384 42.94491 32.27729 47.68081 41.43121
41.35026 37.58174 52.05105 42.75135 47.94768
42.51644 45.47429 45.04601 57.51164 19.08014
41.00706 25.15719 50.08217 62.65818 43.42652
24.95309 40.04077 36.59534 41.70082 28.67472
46.18472 40.6671 59.3832 50.21708 36.2283
33.93721 31.68988 46.47879 49.29523 39.33937
36.32681 36.87812 55.69345 25.73227 43.21588
25.96456 44.26263 38.67942 42.44737 33.63759
47.1735 51.40566 53.14975 46.15896 45.30295
36.83399 34.67527 52.41996 31.04477 31.74021
43.05307 46.98644 43.25715 22.80375 43.54887
48.59169 24.38048 24.46508 33.73718 35.12396
23.59035 34.46433 49.00322 41.15273 42.21762
39.42379 38.77922 34.81241 33.58291 43.47987
47.01137 36.5806 57.62318 46.43578 47.22417
52.58515 47.57545 42.0631 51.38796 23.73417
42.2832 27.65489 51.05425 49.37251 30.4793
57.33644 49.16158 47.33604 38.02998 36.4517
26.61898 41.50476 44.99483 40.68328 27.57185
51.19426 35.43645 44.20012 42.05027 53.32973
40.44869 41.14112 30.45924 54.04296 44.60127
31.39656 26.81009 53.93734 43.31421 38.5432
34.53697 43.38782 47.2343 41.03171 41.29957
15.18949 46.3867 25.05262 49.34238 42.85053
38.7531 50.95423 29.71561 46.00971 42.60063
29.71858 46.64637 52.90093 42.64021 36.45192
20.08594 41.20634 27.60662 40.8717 46.25004
43.63018 34.51578 57.12163 40.90832 33.33749
51.07231 41.90827 34.75337 50.26903 44.72541
23.11766 28.68353 45.11069 46.47266 37.18342
37.18723 30.34022 45.88037 31.6577 46.88571
31.72164 25.98635 57.68707 49.81222 32.15828
43.23476 56.18162 28.47349 44.82538 22.97645
46.24038 40.38608 40.96672 26.78579 45.84291
29.67459 41.66832 39.63072 35.53131 48.82397
34.62333 28.65845 41.78977 21.67136 38.82532
51.16212 51.627 37.50252 44.97614 24.54288
20.68508 16.81214 57.70428 33.84197 25.60367
52.34252 37.30686 50.27424 41.02949 46.63568
61.70182 45.86779 33.59954 61.17116 54.825
15.44467 41.75377 36.67106 24.20516 22.10854
46.3706 35.42069 34.16617 33.18714 53.19515
45.61357 39.177 33.95449 41.48102 59.61585
40.24856 38.84613 34.98052 31.57564 45.92528
45.90375 44.70789 38.04873 39.99599 25.23757
26.91794 38.84545 56.50557 49.68765 44.00246
28.41781 41.92194 42.15773 39.56037 32.66526
49.18823 49.45128 40.71911 45.91055 37.3255
47.46657 24.9842 27.32985 37.56336 57.15586
31.54326 36.66019 35.54507 36.66467 54.95964
25.99834 33.77684 37.76706 28.5448 42.47619
36.31279 51.35846 39.73141 46.18551 39.90152
47.13298 35.33319 36.38628 40.20769 24.11589
36.29122 31.03731 47.54074 47.29925 45.37779
43.79564 34.65985 53.83035 48.91278 34.30437
45.16433 24.5217 25.76854 34.86784 36.66383
37.73354 49.72745 43.32006 38.42651 26.16453
24.95862 39.799 45.2531 35.72939 44.58368
48.38879 38.36864 44.8181 31.49414 14.80972
36.55444 42.65474 38.51681 38.91505 49.53296
34.45522 45.5964 27.94441 42.17987 53.02284
36.7398 31.44098 37.29728 24.69679 38.63289
39.51469 48.81651 41.94204 43.98952 49.4887
51.88929 34.56794 51.88429 43.76538 45.74391
51.23931 52.83812 39.51282 44.21195 39.47
34.81386 44.72915 43.9997 39.43979 28.57473
57.32183 33.09915 39.95565 45.64814 40.41878
37.20857 45.3282 45.25233 41.63057 42.63037
39.11629 34.72162 31.09614 58.46411 37.42025
35.80241 41.47279 44.65193 24.10605 40.71479
37.14106 56.08433 47.67137 33.12264 46.87358
29.97699 50.78139 26.61362 45.79132 26.61955
52.08713 36.20168 46.61534 44.74653 53.02424
45.70724 44.92454 42.73416 53.94287 31.68744
28.04141 48.26255 53.22305 41.58326 35.65483
41.10184 31.66214 36.72892 37.13395 21.13388
36.12183 41.76708 45.71604 27.84396 46.75995
53.83289 37.17201 34.61467 34.69378 34.82632
50.60665 67.60265 39.38403 53.93207 53.01825
39.20669 42.8187 38.2459 23.12154 20.11273
55.97283 39.23705 38.24821 28.74928 45.48974
24.53857 39.94394 52.16403 43.48176 43.09371
35.47698 33.40727 16.09559 38.94938 64.66381
37.98207 47.76908 45.87991 50.51327 37.83756
40.13808 28.81076 51.22833 19.29215 32.18759
47.63287 44.67778 27.57129 47.20283 41.24685
47.1731 25.54284 32.34926 49.1777 32.31632
39.99865 44.2605 45.53895 29.98599 45.89101
34.98844 46.59605 32.78603 36.76123 44.91347
53.8083 39.57669 51.03472 47.32869 16.51174
38.39108 39.19563 34.52553 41.74912 33.548
49.58532 59.72573 31.38151 35.97033 43.14807
49.66396 35.50912 32.24724 57.26332 51.93251
64.17124 43.25052 49.21735 51.05722 39.23801
26.66081 38.52411 40.6072 46.76112 30.48077
46.26818 44.28424 38.17093 39.42222 51.53842
48.33029 45.82349 35.7163 47.73764 32.45423
53.09908 55.20683 21.7281 44.28558 31.54846
37.76169 47.31633 38.80547 34.8774 55.10865
39.17206 25.8624 34.35733 21.03227 24.17547
63.26288 50.17502 40.52472 39.54479 45.86532
35.44068 41.60222 47.05596 48.26757 39.55499
29.35165 39.65651 21.5149 51.60164 38.99355
50.33241 44.82193 47.72419 34.23878 42.16218
34.31443 58.6643 35.23767 37.09036 53.61015
25.41246 35.38935 41.28562 42.12431 34.71127
31.09568 48.81294 32.4059 24.19434 36.8843
48.93474 18.20656 31.36978 44.21236 31.70609
44.56532 34.54332 44.56197 35.58414 34.07832
35.28574 47.01821 37.99084 52.12687 24.43427
18.29674 42.63415 35.23526 26.49258 44.30241
51.18711 38.93118 42.59116 30.66387 17.64547
34.72183 46.93893 22.19854 30.8402 46.39675
65.22012 56.27419 41.91661 45.05505 40.51304
33.15198 58.72597 30.86666 46.29579 51.49975
50.52731 28.78806 38.16289 44.17303 35.27268
49.79883 41.81334 38.49743 38.90514 45.0779
25.61053 39.14231 53.88945 25.78637 50.23044
45.90838 60.21778 33.31926 42.37057 38.94486
32.14951 49.87635 34.52363 47.6689 46.22261
40.0297 50.74877 45.68223 41.14861 35.02209
48.02192 48.35299 14.97194 55.13639 35.23845
28.71076 40.35298 37.79619 37.25244 44.16306
39.33172 45.85449 46.83064 43.79324 34.73309
34.98056 46.31787 34.81516 69.77187 46.12344
32.18094 22.63012 37.82642 48.10898 40.16974
30.87064 45.14332 47.18798 46.97401 45.44486
62.39223 35.61311 42.36143 42.85759 42.60795
44.28559 31.61927 34.4344 28.34187 44.28955
18.18045 37.74767 42.88548 44.98486 37.25484
37.72886 37.96607 43.91293 45.46209 23.92393
30.8181 50.8828 50.50086 56.73781 58.91929
48.9094 37.44172 34.29419 60.92768 49.68248
47.97706 56.00844 34.54953 32.03803 27.97237
29.38801 40.33115 54.63236 62.88899 37.28971
46.04496 28.80257 48.87157 52.62176 42.86973
36.76105 39.43265 48.4234 51.83085 44.80433
44.33999 38.80634 42.18806 32.03004 39.32996
41.32935 50.73804 32.99673 54.46274 37.57538
57.25865 40.06827 22.62694 42.97642 49.25283
41.87638 41.99553 29.60303 39.78627 47.08659
37.40154 41.82623 25.92917 46.54515 34.1548
50.11907 20.56948 40.57676 50.32097 25.06614
32.00044 42.73005 49.90161 41.63657 42.94864
64.35809 44.14689 46.13254 41.71265 44.95196
39.3201 40.7509 34.1215 43.4925 33.49727
41.21663 48.56551 21.85554 42.95219 29.30157
37.86316 53.49945 41.56659 43.52883 48.3867
56.56574 33.34694 39.75867 29.73647 25.02882
48.16029 38.41725 45.03885 23.11084 57.42692
44.30102 31.07487 48.41883 57.73518 42.37902
23.67287 28.59001 47.39171 38.75527 36.76431
24.18354 35.63009 30.31645 32.02474 48.58203
51.27249 39.4428 51.95214 20.35833 19.48175
41.13929 22.39252 38.08569 43.16853 50.92997
46.95933 42.13352 25.39385 42.46558 39.60895
54.3602 31.04832 37.79118 34.1998 36.84189
52.89873 49.05998 44.32437 37.13452 48.36625
38.5969 56.14235 45.25534 33.23408 24.9901
36.22995 49.68014 34.08664 33.73416 40.91069
52.42115 59.44837 42.7311 39.70493 56.04861
30.85178 53.77993 31.93445 28.57631 55.03144
55.09148 43.76995 41.88041 33.05918 49.90425
30.74113 57.36879 31.7509 44.22801 37.33239
49.4648 47.7189 37.492 44.80666 7.948319
41.87372 46.19032 31.78849 26.42069 45.25423
47.24522 39.92577 41.64127 24.16468 40.65266
43.42068 41.94617 54.96317 40.40067 49.45686
45.23964 32.88692 24.61317 36.75931 30.4853
39.60726 27.60458 29.83829 42.62037 56.55553
40.86875 51.65079 34.306 36.8504 48.68323
21.57598 44.39485 29.37472 47.21738 33.35423
18.6798 31.80249 28.34746 34.32971 58.6752
53.67671 29.62537 42.59084 19.0871 39.59043
52.7949 50.54215 41.90154 46.30453 48.4716
54.63618 39.51433 51.46051 45.11205 43.80781
30.55573 37.80604 35.05624 46.31898 30.72756
57.27195 47.34958 51.32998 43.35807 47.28938
15.43542 41.41112 55.45229 34.38007 21.89661
40.63587 26.09642 46.51662 22.99295 42.21701
52.66152 33.79968 48.28998 32.30338 41.258
47.20918 24.24478 44.57122 45.97371 38.40471
43.86927 36.43276 34.50279 51.06608 47.19652
31.95243 34.31954 32.65073 46.75854 31.93108
41.25101 30.29157 40.32682 50.27249 29.11556
30.05773 43.90307 40.64761 38.30515 38.14011
44.45146 32.2019 55.0407 74.13511 38.65477
52.86731 41.76867 38.42189 70.16107 49.64694
32.62854 39.23673 35.88473 46.88132 43.17859
45.02181 43.21513 30.89702 40.92312 33.99225
38.08357 46.47047 38.6173 38.89381 46.73819
29.11886 41.11515 57.32204 9.969804 42.25
29.19969 34.29819 37.88764 43.87489 51.13255
46.6232 39.52518 38.7554 56.36081 31.89408
44.0027 38.28006 35.68598 40.15999 24.94135
42.7261 32.36309 51.87865 38.97406 55.29037
35.3509 18.88169 43.19257 38.05183 58.90265
18.00189 20.66708 42.99366 32.13126 53.42004
46.83801 31.92748 35.87426 34.58234 40.16083
36.52888 48.23143 26.38128 34.12906 35.04746
31.72959 36.46106 40.31553 45.61985 40.1089
42.03382 50.74098 35.90475 44.60368 36.28126
50.70344 41.67771 29.6352 39.58993 30.77869
51.02363 29.60224 45.26556 46.2297 54.82798
34.3125 41.00658 43.94141 23.32878 48.78074
34.53575 23.31984 44.24322 51.44599 44.47521
31.04573 32.55748 35.31015 30.85126 32.6695
27.42663 41.12583 39.82026 41.34765 46.2969
33.86344 50.50884 28.27957 31.26826 42.57448
51.97926 44.60376 38.54391 42.40697 18.66817
57.26029 30.48477 24.27237 43.31077 23.36397
48.30113 50.38787 26.87878 37.41229 42.14082
41.93764 46.9285 18.29519 24.14611 34.73408
39.07404 42.65749 42.68155 45.8876 34.41135
39.46866 21.40793 33.05308 48.63319 35.89101
50.70445 34.97534 56.82125 29.22805 28.77146
30.79149 32.41341 26.5856 40.93808 37.24594
39.54024 17.87267 38.56843 35.72244 58.02046
52.31491 36.14793 43.88237 44.41566 31.87194
42.39636 52.48627 55.04192 26.7711 36.7542
43.85043 51.16394 36.60399 36.66287 40.75222
40.46933 48.15345 41.48291 54.68733 21.85256
52.90742 26.65669 25.9034 61.1611 25.21054
35.47464 41.83334 29.90154 33.24341 48.00214
37.45266 29.00621 30.26524 38.76879 41.73023
56.03597 36.63007 33.06816 42.86399 46.83334
46.08953 45.61095 31.36626 22.99228 42.92047
34.02128 56.20921 24.21107 21.62051 47.05869
40.44762 39.88118 37.68668 16.88272 43.83844
57.95329 38.61583 34.25778 34.86184 42.12813
53.30236 44.35079 43.0422 54.11122 50.2057
53.99827 39.87438 35.89014 40.39115 38.35719
33.03768 17.45933 58.48636 55.85455 38.66307
41.80184 33.72466 48.86121 35.0836 32.52772
35.79316 48.54088 42.85746 36.98171 34.0719
34.13613 39.5547 39.95023 51.55122 36.48225
42.00747 43.19536 24.78566 50.55051 37.96952
24.25382 32.66242 24.27319 47.28484 37.8572
42.8336 50.08252 30.76398 45.76944 48.30077
53.5637 48.96918 30.59813 39.44156 42.49871
31.23338 50.26769 41.15372 34.64869 46.51392
47.433 29.97054 51.5875 49.42303 48.07129
30.65532 54.72665 27.31429 54.93655 20.45443
39.53513 32.02892 37.36054 28.00648 52.14674
45.06161 36.65451 45.79112 51.97117 60.20994
44.99862 35.6683 12.59581 30.77527 29.47969
32.91203 53.87963 34.10994 48.87903 35.0753
55.06791 28.39861 26.86328 39.45502 48.0533
44.7312 54.37425 25.58249 25.9206 46.62526
45.95907 33.89753 48.09622 41.93689 28.97262
29.64912 42.29822 44.89315 40.64333 18.4544
38.6063 30.75475 42.7239 46.72008 42.15062
37.10201 62.64194 29.75659 65.05598 25.20847
26.18726 32.77148 50.56204 31.95627 33.71869
33.40285 43.93611 45.82795 37.77438 46.83202
39.52447 43.84053 49.83453 40.3165 40.48306
38.9037 36.97757 48.59354 39.43099 41.39861
41.85449 33.56478 27.74562 45.898 37.33985
51.62554 47.11622 20.64848 23.25273 32.74185
46.53164 46.52506 45.61577 48.15514 37.53914
41.82216 36.22181 33.29133 29.73221 34.54263
48.86747 42.622 28.58971 45.61733 47.1945
36.35742 10.67367 52.22846 29.64583 27.7526
40.49378 31.5471 46.12017 21.2859 29.02609
64.96009 48.90818 46.79421 48.96411 34.20978
43.4535 44.04839 44.56324 34.80599 45.88789
48.25364 22.15582 21.82031 26.82724 32.84413
26.92908 43.23707 46.17044 53.37018 40.17458
49.69023 40.12386 35.57496 32.26182 40.32218
52.98563 24.87555 38.66025 49.32514 49.94865
45.58786 37.97659 47.06807 40.97679 41.39884
31.90305 27.75737 53.80989 28.30657 45.31868
50.64654 46.88633 33.35336 27.54634 23.49857
34.75652 51.45896 41.98096 43.13612 30.74944
37.15686 35.75423 42.32573 47.43723 36.98591
37.40205 45.5367 32.61706 25.73132 30.83985
45.36512 41.02893 28.95863 51.50628 18.63015
29.78547 36.70488 49.0544 59.54812 37.1627
26.1027 50.75199 51.87764 48.28545 38.31609
39.84254 41.85106 40.63808 47.04632 34.6239
36.77411 43.6795 28.98147 32.78675 31.58854
32.45595 36.24628 43.18001 39.43316 17.39503
34.86569 36.63271 21.46453 22.59681 31.3909
23.6023 31.32879 28.73026 34.84375 43.70551
27.34958 46.07802 38.33503 37.96942 39.74288
21.9061 22.3734 31.94025 47.85612 43.48917
37.70893 31.75522 43.04362 43.7601 51.72912
48.51973 31.89081 43.24535 32.35714 44.01789
47.94057 41.44916 48.84776 42.47606 46.0408
37.47092 36.82238 18.69181 38.04089 34.56022
41.91576 58.251 39.17622 67.16474 29.56835
57.41581 44.86664 25.20656 28.77412 43.03985
32.5788 49.10925 42.3151 40.30214 51.36116
48.12336 37.15583 42.16663 23.44054 24.83665
42.23791 40.32441 38.9529 46.08895 41.90311
44.54573 35.05394 47.88385 63.5074 54.96411
36.30157 51.83664 38.7771 35.3752 34.86773
63.04864 15.4416 35.65269 40.61925 34.68627
28.97714 28.66247 49.05179 36.48613 38.02913
33.90749 33.21798 49.0908 54.63329 44.04128
22.58761 25.16582 47.348 38.50961 35.92742
31.41346 39.63737 36.01196 38.17546 56.74964
58.82743 48.93643 45.11742 34.80342 41.33358
50.55531 53.94482 36.68016 43.33952 39.74213
56.29197 38.57518 47.7248 37.84249 34.20956
55.10838 22.37784 19.2662 24.26822 22.7111
27.13238 42.89076 31.39433 26.72431 55.03156
46.3822 43.49225 53.71926 39.26823 34.49463
45.88809 38.31355 42.47444 23.1376 53.51654
45.11922 53.61799 45.37876 48.62222 57.38907
26.06323 55.62715 43.73595 41.20558 29.95831
46.68751 44.10798 49.7606 29.18932 37.30139
37.80065 38.65855 48.73815 26.79088 30.42459
37.42427 41.9483 49.86068 35.33881 38.18873
48.74768 47.91108 34.05266 38.35885 49.93868
59.76416 36.58761 50.66341 39.11657 40.59831
45.33293 34.98269 49.55432 42.5951 36.13412
42.66119 37.87695 26.17921 29.87868 52.45154
43.27011 35.53875 31.10548 40.43055 47.68706
42.40279 36.8479 63.39051 48.67058 38.20816
38.97228 63.2392 52.50952 46.15006 26.75039
59.24305 35.23631 44.13128 13.83303 8.04681
40.32286 37.8175 61.30442 24.6156 41.25303
31.45945 29.80027 47.59361 41.01375 37.12522
44.20595 62.5827 22.72386 41.5828 41.74772
46.20988 39.6892 40.87763 33.68769 63.47267
29.28027 32.24892 40.04571 48.9779 53.62856
39.03109 28.95476 40.28606 41.62435 26.09815
51.44343 21.62232 38.22489 47.65396 38.6935
42.93162 42.37574 26.47135 28.44691 40.59036
55.54317 46.41042 46.31478 32.96621 45.91269
32.90554 44.70049 39.22797 50.98297 38.59292
27.63149 48.24547 32.14398 43.45931 29.90727
47.92096 35.69742 38.4783 35.0178 44.74157
28.14577 52.89175 47.0507 32.24498 30.96134
32.17557 53.8859 35.0346 50.96985 35.17586
61.12016 38.55251 33.59314 49.14457 56.32938
30.32523 30.78904 39.56307 30.01558 35.71326
46.23563 31.21526 57.32425 57.22703 24.73663
39.7862 45.45715 30.61955 42.89499 18.77909
41.38295 33.81831 42.60442 37.51271 32.75293
43.91838 34.93683 19.36356 31.50847 47.47311
32.17911 45.7985 39.88838 39.43966 53.67364
52.87815 41.47186 32.85885 46.38973 34.13741
27.08449 39.1171 52.48901 40.14501 36.64871
28.06365 32.1164 32.19127 40.33456 38.85079
38.15873 29.38803 61.72463 42.2865 43.7618
36.18733 40.95354 45.80127 31.14027 29.31149
56.00264 49.30982 34.17058 31.62167 31.03969
29.84085 32.48613 61.76709 27.6944 43.63678
45.63412 37.52263 53.79606 28.65248 39.94319
42.25183 62.77405 50.61976 50.2354 46.37786
38.69638 44.10446 33.82709 28.33188 46.73135
40.27017 44.87277 18.9037 43.44065 40.95148
28.32645 36.22911 36.82099 31.69417 49.71881
38.74744 41.74916 51.72945 27.62745 38.78503
44.68855 30.10148 36.22591 42.31482 39.64096
48.88871 48.19059 43.10251 37.34667 45.60736
43.14162 21.30238 26.64373 34.20097 50.77378
33.29778 35.98229 66.72814 53.93835 46.07436
44.91516 44.59141 25.49352 53.94634 56.09019
34.08657 45.04755 42.64898 52.59186 31.6174
28.8723 40.56517 31.81099 40.77651 23.11326
31.85695 38.42165 30.88353 32.61298 29.40519
33.40046 34.0865 40.78058 55.33908 34.17887
30.72207 33.62862 44.21069 25.61562 32.26652
35.46445 21.06194 39.02945 33.2151 35.38666
25.68718 37.60927 37.04739 47.63286 37.32703
50.03746 26.74897 23.97532 45.28955 35.22212
46.97542 30.30908 24.08551 46.84033 21.37302
47.71409 37.25672 34.29604 43.76701 51.93732
44.35995 50.6815 35.14673 48.73079 37.96666
43.37727 37.26004 42.66683 32.63854 39.15321
29.11991 48.12522 50.72727 25.14744 44.71717
30.19932 43.8472 58.45533 48.70147 57.08577
52.80369 35.19658 39.98679 54.19295 30.69155
43.79186 44.74505 52.32838 46.27297 64.49598
42.02229 32.93482 48.44577 32.08916 33.48056
38.5154 15.82483 47.24283 41.8624 42.342
38.89903 35.1953 56.02498 42.94991 32.05666
58.18519 46.48498 56.58583 44.08499 33.34743
27.97454 45.49674 54.15562 40.17412 43.51264
38.71057 23.25496 34.53785 29.71188 25.57301
46.98043 40.20009 38.84799 49.1694 43.77384
40.5627 45.35951 38.90392 41.54092 36.55415
24.91918 41.1144 46.74778 31.66311 45.78513
45.2414 49.95524 56.28729 46.78747 39.05203
42.35597 39.08966 33.76799 47.48167 48.24297
23.41765 33.31634 54.16017 50.91707 30.45467
38.10053 32.31037 36.31328 49.18941 44.99175
27.32314 36.64765 30.35599 37.21753 48.43553
48.66993 43.3973 30.0138 40.88367 35.64462
46.14396 44.46685 51.19503 43.98498 43.89512
37.53539 44.89332 36.58221 28.92471 30.38899
50.06752 46.39722 30.8636 49.84379 39.77119
40.28716 21.36539 51.12537 54.26823 14.73073
34.92597 46.77252 23.50496 40.28626 46.37409
37.77348 43.81568 49.16204 44.95218 48.49841
40.59799 65.20848 50.17146 49.04533 60.06352
43.26372 38.76285 49.73582 50.63712 50.00723
35.15814 41.41486 51.29222 38.79555 38.96319
46.78269 42.73405 32.7089 49.51959 36.44945
50.28048 48.27742 53.13618 35.22128 32.43698
31.5295 30.09916 51.91356 46.51225 31.20254
38.94717 52.5749 26.48836 33.60032 30.45449
54.85135 22.81124 34.98502 44.67829 39.3599
51.55716 41.8397 51.34436 34.32753 30.37501
43.94302 39.52827 50.63189 37.54418 43.65376
44.31762 25.91223 31.60632 25.79711 47.53226
44.98551 32.6504 56.3765 35.47666 43.14085
42.15247 52.11037 19.90473 21.69642 33.49029
60.2473 34.22832 42.24993 54.55842 42.04893
25.69342 42.06916 32.11527 26.8513 18.2184
56.02965 35.47024 31.48803 51.53285 26.45314
52.06224 35.11354 47.42964 59.30874 53.74743
43.54299 21.6156 38.65463 48.94571 46.76519
49.20104 18.7429 39.83431 33.73329 21.80197
22.45991 48.67902 37.87994 36.58554 42.72362
34.30269 43.93667 33.71228 47.99106 37.69971
19.95272 41.77863 45.17071 37.39354 43.30749
48.75896 47.9486 39.47183 68.56013 35.17722
53.34498 38.25669 50.41863 41.43912 43.70834
33.66725 38.72298 40.93998 35.09154 30.60741
35.9673 29.0473 43.79421 31.88438 31.36465
41.08877 43.65616 43.36202 41.76058 42.71246
47.31465 40.46017 34.3771 24.53946 44.69842
47.39688 45.58905 33.94531 54.02275 24.25466
46.75802 46.21109 48.44729 47.61471 47.43537
35.65258 28.19505 42.98399 39.08707 53.18131
26.41255 51.27581 37.1594 36.72102 35.44995
55.4597 33.90352 36.17722 37.57102 77.8524
43.17367 54.15423 43.37693 27.74933 56.64951
39.7505 43.47379 32.56598 39.59443 40.4342
29.3973 46.62604 22.9365 50.6361 50.17696
50.31895 54.44003 39.21966 45.31116 30.68045
34.90744 44.44037 41.99282 28.09864 34.15902
47.03507 41.56543 24.50587 42.76477 18.58051
37.69399 23.75557 27.40167 40.86601 45.23703
49.94398 43.86714 39.30155 51.70212 34.12157
48.54825 33.83672 34.17078 31.28072 49.62717
62.94696 32.96919 37.06178 42.79901 41.62432
27.17709 47.78172 34.98344 36.55905 23.94086
34.28826 39.04209 49.23764 41.3046 33.78147
33.90843 39.90686 50.84591 38.35378 40.00139
44.13897 39.43948 29.0754 37.25748 37.53278
57.21702 47.53154 58.88436 50.75237 31.14724
25.01991 65.10634 33.53353 33.69457 48.72286
47.47092 39.1694 31.90797 42.27299 38.72299
46.07361 30.951 41.93235 30.2024 50.48462
38.75405 39.34999 38.65169 17.73062 31.95565
42.97379 56.39251 32.44128 45.87885 57.30835
36.59318 44.08379 44.51873 52.33925 43.78925
28.26118 54.10475 47.12585 56.63653 43.42733
20.08401 14.29124 51.74738 40.40097 42.67874
49.24709 36.41479 33.12956 42.48351 63.20754
22.31323 38.69221 47.3754 33.04719 48.22926
46.894 36.99362 45.75324 50.18314 44.4094
47.5362 35.21693 29.3111 30.15095 14.74788
38.11091 33.37949 29.87483 44.47332 45.98656
43.26681 34.94393 46.6772 50.70996 49.52741
39.68711 39.90191 32.15134 35.28577 31.17461
24.67316 26.93476 30.44746 51.24739 30.87151
54.65306 46.14122 25.14966 40.3064 14.87821
34.37937 40.21561 25.95886 30.37037 41.92742
36.08613 55.4285 56.1597 56.96142 35.48192
29.80425 40.32692 43.74134 41.66139 58.74335
36.51059 37.17282 31.80654 51.2191 39.9092
32.12285 45.28652 26.82322 40.51683 36.4498
20.60648 51.4843 19.58178 34.71102 55.26213
38.62083 26.05743 52.46025 31.7645 37.93761
30.85398 39.84975 29.64203 41.31121 55.03187
47.49227 43.95137 36.19238 46.56672 44.01692
49.51005 31.36669 23.51425 46.06968 43.37558
40.1181 48.72561 31.2402 17.72358 27.54052
31.86988 34.25718 56.50551 52.76245 47.26664
49.59707 57.30132 33.27674 46.27166 48.317
34.92681 49.50934 37.14847 28.0467 41.03675
42.67228 25.39682 26.07247 18.12732 49.74287
43.18047 42.38493 37.47497 44.52049 44.68616
41.98085 47.47973 30.07431 45.08161 47.4191
33.0454 35.23728 36.14884 47.04437 42.0343
28.27847 31.75998 50.96653 33.91213 43.30974
26.81725 39.75117 47.56835 45.92042 46.58629
54.79235 58.91152 36.72286 38.86457 42.27689
52.32354 25.69689 48.99261 23.32384 40.8492
42.73301 35.46613 43.70039 33.67993 54.5721
43.30803 40.1332 29.74904 46.31572 19.86697
56.38962 55.3383 27.23925 30.52984 65.69658
44.82863 43.76262 30.53477 47.94858 34.03139
52.83521 43.89762 44.54352 54.33812 48.37245
33.33764 46.6625 42.78708 27.89137 32.68861
38.39464 24.26803 40.06673 52.33248 45.37544
27.80844 41.78425 48.15296 31.0479 38.22508
29.49067 38.37507 32.39005 23.77062 28.20234
14.002 29.84256 45.35494 35.41403 32.87237
35.82998 29.64434 52.44229 52.69028 39.6893
45.23289 39.97881 44.7268 21.79447 40.10272
31.97977 62.68558 47.99774 37.58789 54.8749
27.99002 29.21422 53.13212 26.69582 38.78413
44.74346 38.69355 51.48293 34.22082 41.02754
44.79493 44.87208 50.45621 38.43313 45.30502
57.6674 30.83884 51.28276 42.95042 43.2334
37.15511 40.64396 43.80071 14.89653 52.999
36.00532 25.60411 34.99709 48.99733 59.29738
42.1809 56.68964 31.62083 41.94379 30.39956
37.55399 36.92799 35.69653 36.04014 25.6882
44.98999 45.85252 23.82528 40.48417 26.02296
43.52153 34.75664 66.03637 44.07215 37.5227
44.71397 51.15232 40.60768 35.90857 57.77948
21.73533 36.00501 28.47899 37.4643 57.17554
47.22283 33.50988 32.48708 37.2018 51.34782
49.52163 44.774 20.4368 36.60265 34.89273
32.12738 39.6684 48.98629 37.06732 50.22729
40.32721 35.40191 46.68014 51.63284 48.3765
47.67486 33.45931 63.1192 32.72066 41.24641
20.42804 37.62301 29.51691 43.55217 31.01501
33.66053 39.91494 24.6463 47.27727 44.66166
37.97215 34.01038 47.05236 36.86275 46.61006
53.10924 38.75079 28.47011 41.59035 54.73575
26.79876 45.57877 39.96483 38.24088 38.6111
28.37367 48.48344 36.00765 47.01604 53.56634
38.92626 54.53912 36.12561 43.72694 42.29215
9.354323 45.68716 43.61699 28.90516 48.19455
45.50485 42.87459 50.18279 49.55102 38.6536
38.26753 41.63106 36.91329 45.31883 42.32639
49.29186 44.97586 43.85669 26.44301 51.30723
30.42405 36.65417 41.82628 58.7925 26.09295
33.99699 22.14763 33.64033 32.51844 26.80832
25.61329 53.72491 34.78423 35.9222 43.15309
28.55145 31.86755 42.11196 39.72269 71.17682
36.86904 56.93527 35.31735 46.63114 46.06977
43.84137 31.60735 32.48927 46.70795 42.70704
32.47775 50.45775 39.94101 34.96419 39.10598
38.20875 32.6861 37.41379 38.24374 43.84316
38.6174 39.95169 45.94338 47.03888 43.12458
37.62124 51.35681 30.5423 46.95551 41.42343
62.53923 55.3741 22.94737 26.66027 30.194
11.53683 38.43846 22.74184 32.26905 36.67251
47.38667 35.89508 43.51114 58.60072 36.83549
49.22059 28.09451 30.29112 46.73299 45.33514
28.83513 50.80375 43.5098 46.3556 36.2091
37.5437 36.30619 35.83085 36.77523 43.99543
25.05313 34.43847 47.95239 40.85797 26.20256
53.66388 28.91438 35.50106 43.07615 35.05178
36.89466 33.41326 57.32896 40.91248 38.90309
42.71478 42.3294 35.84389 27.6296 37.17802
54.92648 31.58943 53.52715 44.24934 38.57401
46.09113 50.86909 34.10874 31.75604 46.06117
43.11408 51.1229 28.48702 38.06811 50.47643
42.99333 27.68317 25.21738 46.3059 34.49599
43.52131 33.81205 54.56284 37.22071 18.73212
32.41382 30.16383 29.07196 41.70338 49.72595
32.66532 50.77115 46.44806 47.03406 37.91563
41.83751 54.69263 51.91676 35.225 24.22034
46.02381 42.70441 29.5216 42.33581 47.02332
51.57736 40.22996 49.28261 41.36526 53.77417
33.88594 37.05647 54.00486 21.34351 57.07245
37.00594 61.90563 43.45889 39.16513 34.35854
35.61371 44.94062 35.12132 54.33405 25.75423
38.97919 50.4024 37.40292 21.82256 40.94795
30.34928 20.38623 36.47729 36.40316 45.28737
40.19797 38.43977 36.62052 54.09595 48.79019
43.88257 18.39232 42.93905 33.05385 16.91581
31.13346 41.80213 28.45877 47.90859 40.38141
49.53365 22.2662 37.88679 38.00643 47.58395
34.11119 24.25796 26.34447 55.90299 40.04442
41.26022 45.58147 46.19994 29.84308 28.5776
53.47999 32.25706 37.91516 49.79241 46.59258
41.04454 55.64772 39.1584 38.53611 40.34719
47.28556 33.61421 36.71941 48.59729 44.30469
42.75959 36.17501 25.62442 39.87264 47.17808
56.10168 43.21469 15.81612 37.9367 27.57861
38.75427 25.09374 39.78556 48.8673 33.4672
32.85771 30.53069 63.42218 34.36282 38.16536
42.13571 46.27758 30.63052 21.31816 36.56829
35.54987 35.44159 46.2772 38.2993 39.48512
43.09715 22.23756 31.26989 47.16333 39.38668
42.93662 38.66983 17.33019 28.01898 49.10599
48.7957 56.97838 36.44145 56.19831 32.47982
41.0876 44.44581 45.89917 23.95466 57.63765
30.78363 38.26443 28.83375 43.6677 37.75941
41.12563 58.5817 37.05805 52.96963 44.65517
45.11661 36.26859 13.74498 37.39321 22.04265
37.8392 33.48779 36.39385 41.29924 29.84683
38.62948 31.42936 38.44673 50.92595 45.24314
58.75724 37.94857 30.11937 34.86549 37.85438
27.74192 41.92576 48.32858 43.8704 50.00479
45.63089 38.13448 29.74361 50.90044 29.28057
16.41055 50.42439 38.06677 45.19398 46.42928
44.26144 48.10412 39.62689 31.79615 45.74238
39.93674 36.44231 37.21058 41.04732 28.64596
38.15196 41.34581 41.37101 32.88132 45.02168
38.04711 27.0318 49.60544 34.08986 49.26767
21.86164 52.15733 45.67825 43.44248 37.55334
44.37882 45.945 28.26727 34.21731 60.81525
57.52655 43.11367 35.84961 32.1857 58.88105
42.22847 34.03301 45.31841 52.03105 39.536
46.84532 33.09238 49.94459 44.00067 38.23103
31.41547 28.57431 43.26813 35.66736 43.69936
43.75264 31.615 51.50578 58.94617 43.9988
53.35478 40.05382 47.98008 50.67001 57.58098
14.79798 22.02165 39.05398 30.61796 39.86083
39.90313 35.57868 44.87573 46.78165 38.47011
19.4836 44.39424 32.81791 44.33351 44.58759
36.71354 30.86588 15.05064 44.09505 36.01131
40.37202 31.39471 47.02661 37.83573 28.96736
34.14361 58.28997 41.22951 42.78498 57.68431
47.63271 49.8118 27.88405 30.55315 46.92757
53.49371 42.94687 54.37449 54.63767 68.88742
43.43407 29.74034 21.49662 51.00899 34.19695
43.18639 25.35397 29.66888 32.66908 62.76347
45.46717 43.25282 38.67802 38.10919 46.47114
52.09836 36.52083 49.66936 45.07434 38.89119
43.69288 45.98757 39.54988 48.89474 48.34641
41.70084 40.27819 34.00452 50.58614 38.66931
52.5458 48.57333 31.5514 34.68419 21.04887
26.41495 26.89541 27.93851 44.7348 38.59553
44.67911 33.35245 38.50828 43.40029 35.279
13.73615 24.42988 53.924 44.63734 37.48988
41.19378 32.2242 40.01853 46.20289 36.61355
37.42569 46.19967 55.36574 50.30811 41.85996
23.69156 64.10873 44.46724 35.9077 32.53939
33.47811 39.79419 49.21491 30.57569 54.71726
35.77769 33.26616 36.45688 29.96485 49.6667
47.85923 42.77123 55.84993 44.43021 56.43953
39.53683 48.76979 44.94627 38.33355 30.83863
29.71794 45.65916 24.80542 50.12707 44.8277
38.9857 23.5513 39.56383 39.68206 30.05066
40.51434 67.56792 42.38482 54.20673 49.71262
46.50509 28.05703 48.55337 34.33392 36.56393
54.64949 38.65869 42.39435 36.69993 73.26463
35.66984 47.29275 49.88016 46.0419 27.77947
15.16155 41.08004 39.96993 54.68447 40.06344
31.38319 18.87977 53.07108 53.37454 47.43667
38.76353 43.20055 33.43576 45.56971 40.16078
40.9303 41.34681 34.91617 32.58528 50.60477
38.58473 46.00701 44.46284 38.84492 44.0792
27.20526 44.95705 35.34423 33.07679 56.29008
39.44697 41.39352 33.48083 55.95738 39.64216
49.78371 36.68534 46.43619 53.84516 45.00186
37.66791 45.26349 49.91224 45.18728 43.97681
25.07572 48.86735 35.35216 30.15951 34.68047
36.97796 40.40856 33.20555 40.41693 27.25398
45.08575 32.51615 32.98132 68.69972 52.15972
27.18477 33.81178 33.19177 51.35483 45.3549
25.82102 45.99188 38.04264 39.96352 27.36318
46.69114 37.44622 28.92278 40.74734 54.37882
37.79087 40.53679 36.39213 37.37296 55.90808
47.63599 39.2355 38.86616 33.97459 52.43258
43.60728 10.27323 37.53822 49.87867 39.88437
43.72054 25.97008 28.10669 53.09348 24.41165
41.4577 40.72125 43.27396 25.60306 35.96178
21.93359 38.39125 36.37947 41.87119 43.60245
30.10801 46.7332 61.36852 57.57717 36.28288
33.05651 49.62454 58.47294 47.93606 41.98997
44.51243 40.04645 43.50425 30.10278 23.42803
30.02639 40.53506 64.34787 29.43994 37.86088
42.33774 60.43866 41.76552 31.87396 36.09763
33.36019 21.62589 50.371 29.23282 49.97868
49.59549 51.81367 25.08273 54.90334 23.0407
40.12664 31.60068 51.49666 33.75445 34.49185
29.21583 24.40053 49.10548 38.61326 48.77659
48.02759 48.10827 52.22205 55.51199 33.10682
66.40656 31.84466 46.45362 19.26055 20.68671
50.75468 44.60347 45.73629 32.96457 65.27005
34.77795 40.37843 32.80913 27.3382 44.55122
43.1133 56.81344 43.07816 46.08317 25.67327
27.14405 41.43095 51.6672 33.39399 49.08165
37.34493 35.80928 20.94179 54.19585 49.04531
32.26741 29.29321 40.9346 39.44578 39.29825
33.91653 44.58089 35.26428 31.5395 41.30112
47.94638 36.59104 42.20625 43.29602 25.94652
28.21841 49.83379 48.55707 47.77198 46.14523
34.23959 35.64676 34.33811 49.40756 51.54335
22.66159 59.66796 31.82763 39.60105 16.44953
44.3304 39.1542 52.81122 25.76137 53.1745
25.83226 27.98951 37.89221 61.2921 37.3411
39.67843 28.84156 41.31386 45.96628 52.75087
36.00857 31.22345 43.6725 39.64284 55.09504
38.75618 20.59395 35.03838 48.02062 48.45121
41.09362 44.53135 61.98588 34.40382 36.11023
33.65085 47.71172 37.11327 44.17332 37.0056
35.65843 40.00295 41.99999 44.41994 39.49188
29.64779 48.7353 42.13689 38.34934 31.14022
40.56878 31.41881 25.96621 62.92838 48.11173
19.3105 33.41317 32.99086 55.6584 50.46661
43.86328 18.36903 39.84574 31.26781 23.28542
18.12607 50.59246 43.8196 31.67541 58.98452
68.56088 31.74141 32.98937 25.29922 57.31544
28.77371 27.67155 52.76007 34.70858 43.98868
51.67613 67.13039 37.13119 60.50691 48.17638
31.31376 48.44315 43.08294 44.84564 24.80161
30.2256 20.65834 48.2041 50.65269 28.98947
33.35178 42.57029 32.92291 29.00697 42.08019
46.01491 32.31627 39.71891 32.29999 39.88301
47.45612 38.03326 50.47067 54.31983 38.73244
49.68568 48.325 52.02722 51.82483 60.46478
59.95696 32.80967 41.61186 60.04652 42.69016
35.60381 40.1141 43.45902 41.64169 28.55957
49.04578 40.68557 44.29102 46.16642 33.02627
22.70047 38.62958 36.98867 45.57167 45.03399
42.07451 66.56974 33.85805 53.98861 58.39073
28.3649 50.29984 52.4855 36.13844 34.29075
50.85533 37.90158 57.76073 40.71109 49.04025
50.0362 52.01755 39.09659 45.84431 48.34703
35.81117 36.31694 51.05109 44.37336 33.88079
47.86524 30.34505 36.75823 40.15661 21.77465
47.84471 30.78673 37.92474 28.06562 34.79229
29.67522 37.20647 41.89062 48.72293 37.42021
36.01334 46.22364 43.4121 37.83539 51.17835
34.69165 47.85372 42.90927 37.39816 42.85475
26.72285 26.80407 48.46592 40.86116 40.36475
46.20894 52.24485 47.98977 43.05651 57.76459
35.1356 62.0736 33.26115 31.87674 30.23241
25.1397 42.73284 38.19104 40.93162 33.1637
28.40168 50.6865 46.93151 32.42138 36.46285
29.76496 50.04047 54.35621 39.53499 40.88679
45.7773 17.12043 46.62322 35.92329 16.04991
35.29332 28.07483 46.22733 25.29163 29.68384
49.46553 46.38803 35.27166 61.81938 35.34517
35.01877 14.5398 44.4374 32.6305 32.83319
51.10961 61.8935 61.97158 42.26591 39.74918
54.66224 25.46218 43.07096 37.09891 32.73276
44.23417 24.03752 34.70372 39.72391 38.44845
36.71493 31.4246 43.51469 30.03784 51.99792
57.85221 41.82131 42.54661 33.04911 50.63016
53.48323 47.58984 32.24357 39.52021 39.88953
28.92154 21.06948 42.64209 37.53023 34.17327
34.8786 34.3597 32.44534 38.11994 47.19064
41.11191 49.70663 41.71479 52.59523 43.53457
43.61835 41.29017 31.7213 37.15162 32.63397
38.14678 33.01947 45.62257 38.42461 43.33881
37.6217 28.8623 46.37528 58.28289 39.4524
45.96274 53.72477 31.30815 57.34048 21.40636
43.41261 50.39674 44.75324 44.34267 36.6014
45.7099 37.36188 31.31867 49.94029 40.86934
43.79182 36.58562 43.72604 51.98773 45.63714
24.05916 17.25266 39.72497 44.98413 7.535023
54.16817 45.28119 19.47685 32.7062 49.49611
35.91738 21.44638 40.17589 27.98412 45.64532
53.27244 50.6881 40.27252 48.03286 32.31662
38.40533 43.46228 43.8745 34.95873 4.036007
31.21788 46.98411 62.20225 52.71945 46.01738
33.26503 22.98251 43.20727 45.41915 20.78457
37.2857 36.93201 62.56274 29.74148 43.01895
32.18393 56.27655 30.44987 38.45294 41.78539
44.25749 49.81695 50.49733 17.81457 56.40453
46.66 41.21038 48.09476 46.57608 29.82107
32.47168 27.30525 42.69605 32.81583 34.61991
31.79662 33.21068 37.13954 42.43719 41.76499
44.21019 44.27264 69.39091 50.47534 42.65986
46.4783 27.98423 44.39097 43.40868 70.57324
32.73718 16.26912 48.93823 32.9971 33.73319
37.24631 29.4613 30.60314 44.30048 44.13473
37.21517 35.13598 28.37219 47.04611 35.6548
57.01742 37.33332 44.70038 27.54741 51.54473
35.91913 47.68574 41.68282 32.63575 50.39755
36.41004 19.9481 43.72894 33.14446 38.42214
25.68655 37.14701 54.21993 34.1825 66.24475
23.82086 39.06616 42.57874 35.42968 42.71839
44.77011 31.26279 32.04491 45.55921 22.843
27.20853 33.72221 43.41361 54.9053 58.04103
37.04014 38.50399 47.90186 33.74382 28.16597
43.15206 32.41842 34.73798 39.74245 29.44911
33.8583 57.75544 42.74642 34.07937 46.46413
41.92064 42.82263 27.45243 37.7142 48.02959
47.09912 21.65783 52.60423 34.28472 33.58446
41.53162 45.83163 51.30841 45.69554 50.96863
37.03852 31.98386 53.95092 42.11995 34.42286
36.83031 35.30032 35.38689 46.65627 42.09009
44.65906 37.74613 29.49861 41.35944 51.23386
19.90863 50.26574 54.02947 38.73161 23.10628
59.41376 43.57071 29.54327 30.65314 47.57349
52.96729 33.76431 39.49217 49.20731 36.26334
29.27206 27.02356 41.66957 48.81969 48.177
35.75208 33.72732 29.16009 24.00817 36.63644
50.28738 41.53826 38.84553 48.28038 28.10921
27.07533 35.40925 52.6214 48.40061 39.50231
45.35181 24.90874 43.16998 29.07275 32.96105
65.62097 27.9168 38.15746 55.39054 26.93672
37.93227 47.63036 44.63705 27.84835 32.6968
42.09031 54.45375 29.63931 42.11678 36.44992
47.91421 44.72435 43.98889 44.77249 36.33189
37.50086 51.09053 47.55711 36.74817 35.17821
32.43276 52.9468 48.91049 36.85188 49.81158
37.84526 60.86612 27.49645 58.11895 28.44184
29.94654 39.46539 34.89391 51.91674 50.01713
28.85937 38.6095 29.05594 42.0069 48.32988
37.78703 38.55258 43.34982 35.81824 58.49185
29.56698 54.72554 32.98465 41.84861 44.81177
49.80927 23.8034 37.8227 53.42075 37.68003
28.17839 51.27583 27.4792 52.03037 59.74068
52.4186 49.89183 31.075 16.24874 39.33639
52.64949 42.54134 32.21607 35.73949 46.52199
54.83898 25.84305 29.61726 33.55664 47.21076
52.29559 38.56223 28.72579 34.92944 38.429
23.36153 30.0861 41.31921 43.92931 55.34276
54.30557 52.68335 35.48831 44.20689 62.06841
41.50423 33.84212 52.25605 37.98004 48.17204
39.04025 49.68464 53.3806 37.28704 39.59652
41.94263 32.23129 31.94915 42.44885 32.51903
36.34486 29.01307 44.19303 50.18879 41.28569
42.13561 44.288 38.65748 37.22936 48.63638
38.96832 55.00105 32.69016 45.75627 49.03347
54.09913 46.47513 38.76057 47.48469 31.45519
34.5419 40.7335 25.54301 34.16926 52.14358
48.06422 56.76873 45.5728 48.03898 20.99547
52.51836 27.51764 47.23372 64.00077 41.72007
49.64827 53.59174 51.94655 35.63855 37.6058
46.93194 28.34089 44.73015 37.54494 44.24904
34.68388 32.9203 22.34782 29.26757 24.27641
51.76835 27.27823 39.36842 22.46643 56.26941
35.60411 38.6021 54.42851 34.28739 30.24684
32.72896 31.23752 37.31432 32.60748 58.78963
54.9163 25.19565 31.57158 31.58021 39.39189
50.38876 31.01774 49.81775 30.58174 41.07082
55.51319 32.12425 38.43865 26.55408 33.77292
35.49456 50.0528 57.54703 29.62843 39.88162
18.09694 54.8165 51.65991 36.53862 33.37613
36.53031 22.52224 29.58527 36.21736 47.52362
47.42038 36.75041 45.52655 31.54517 36.2658
44.92927 38.36301 33.56119 29.57364 39.61928
33.11047 36.06529 45.08809 31.15724 33.42755
36.67477 59.70951 51.33937 38.45672 39.94829
20.76583 40.029 35.35966 35.84002 37.60489
24.81143 42.96436 57.87778 40.50092 34.95
29.93766 43.20234 38.41254 36.12763 40.84376
36.35431 44.58486 53.73959 38.36899 38.81893
19.66111 40.98821 34.52564 40.33683 32.49864
39.6335 61.35606 35.37375 52.66954 56.37335
32.3725 43.21727 43.1245 26.66008 51.50049
39.87673 40.67741 40.5337 59.53651 53.37433
49.55738 32.47222 29.62619 43.75918 34.79885
42.62672 52.93946 55.54178 37.11208 48.98579
28.13554 49.42617 60.54597 40.01805 32.75416
46.23092 37.81168 33.41964 40.91919 48.86994
36.08709 35.90806 46.3903 32.53964 40.82389
34.42559 40.06935 44.26015 53.24277 40.22217
22.90528 37.26863 22.32852 45.73342 47.54955
41.61831 23.92258 33.43106 49.53987 46.4187
38.63684 42.08545 38.20448 58.03802 37.86806
31.52975 50.67078 54.85525 42.96694 42.89488
49.70662 24.97154 48.94937 24.82915 25.29703
47.02059 32.11716 37.89046 58.72564 56.70906
46.17818 45.12876 23.3442 48.25195 48.77232
43.34794 31.57585 23.11823 41.37807 45.42331
29.13888 48.03493 20.75234 48.28971 46.46958
39.52399 38.04227 28.74742 42.67566 43.13623
47.93914 47.62555 48.06395 60.0706 59.14463
36.32887 46.6787 38.20432 39.97039 49.61302
31.49577 34.70037 29.89307 48.70122 50.29485
42.23223 31.53987 32.40378 22.02965 23.73096
45.7972 34.46122 43.14447 20.20854 48.49057
75.81715 39.70266 36.04114 59.93322 38.63758
40.13188 43.68787 39.52669 62.7741 31.90271
38.0171 33.05817 31.76429 25.76555 65.16484
38.54139 46.64192 29.77715 37.99863 42.67362
27.40198 46.70959 52.01562 23.43994 47.40671
48.64931 34.74772 35.23397 45.28599 40.14932
34.52952 23.07909 49.26848 39.02781 37.08368
41.98972 53.2716 52.28206 45.61465 28.53802
33.46743 35.57959 31.60524 47.01393 44.56574
45.00771 46.00172 51.34746 54.00713 60.2261
33.57263 28.22204 43.88142 56.83512 38.43904
45.0972 57.06254 34.87184 41.18856 53.36467
41.82913 17.41528 27.76666 41.25896 18.8339
42.10583 36.17382 47.78947 44.45683 37.87745
36.97538 36.64728 50.78329 33.03339 19.50235
42.70958 41.28042 35.13661 41.01466 41.53473
15.30582 30.6898 27.60683 49.13979 53.49006
47.20023 48.02209 37.064 40.10504 50.1122
44.08086 36.12953 37.55909 46.53457 43.34321
57.09952 44.79354 43.71586 40.10762 27.65473
54.18752 56.67955 54.56634 45.65815 26.08485
48.00912 59.09635 52.60805 34.24236 48.97379
27.07477 41.46052 40.47339 44.64507 22.57525
43.33395 37.73044 29.35435 30.10726 21.00765
55.2367 37.36215 44.92663 41.46992 49.82401
48.53333 30.25616 62.03693 52.61951 32.6482
37.50505 61.38599 60.96865 54.06942 33.30517
42.98591 34.46427 17.47395 48.84839 25.78506
36.42173 66.26995 60.08746 41.89433 48.04755
29.02503 36.51343 39.77878 48.51452 54.85021
29.74381 51.01457 56.91109 39.68352 40.52673
43.87437 22.88866 36.79397 22.43833 30.23327
60.20691 38.72167 40.64396 48.95278 32.2914
39.76981 52.10072 41.46059 40.28483 43.38353
47.04576 45.09216 49.84144 28.37207 39.2586
56.72145 45.95943 28.27406 27.17153 56.1324
46.49159 32.94879 45.05927 49.53265 29.83636
27.63718 45.01024 22.04319 18.46446 40.3116
42.72051 50.00456 36.82924 32.61656 34.95307
43.45662 46.81513 54.92886 44.21615 50.97076
54.06572 29.60876 34.15644 63.26402 40.39413
43.12559 47.04452 14.2531 40.40202 56.92373
24.99618 41.70612 36.65908 58.62016 36.28496
42.01565 65.42117 42.13227 36.66509 53.28418
52.89457 42.4722 29.45176 43.15155 35.61717
33.76121 42.50794 43.93601 26.61282 51.60491
34.69191 24.48835 41.36473 43.66501 50.3515
38.68399 47.42689 42.95921 28.5653 37.43164
33.31522 32.87503 28.46248 31.75804 33.33779
35.29889 38.72536 28.76575 45.28983 28.2882
29.83235 30.57815 36.16572 35.6271 43.05061
44.57174 50.33373 47.82173 30.40671 28.9842
33.71306 34.4662 48.30406 52.483 56.36576
41.12659 47.9892 56.90098 35.36496 46.66311
50.47801 23.98143 35.28457 46.95201 48.50383
37.72785 25.306 27.6333 31.7553 38.35818
37.26036 44.40687 43.65987 35.17216 53.11448
34.62131 36.8964 42.19202 29.05965 51.41254
42.47098 48.9587 41.10912 44.8379 53.88579
53.49371 34.60461 45.65818 29.08073 23.84805
44.45616 60.31659 31.67365 49.78033 48.09687
38.88384 36.49794 30.3301 42.34344 46.96942
31.90145 39.25232 40.72229 48.51832 42.15577
32.48179 43.7182 45.37789 36.73228 46.14418
38.37417 56.68061 27.45075 40.57641 44.13109
44.28789 48.88129 54.04099 31.35643 21.86801
24.11823 22.75826 37.37809 36.51597 63.11343
39.87178 33.63276 36.12908 27.84817 33.46004
48.46289 36.0681 45.03683 37.54256 18.21087
40.98334 33.22019 52.15176 42.7951 41.12048
50.54721 47.85389 34.01341 38.58527 39.22371
35.08786 34.34785 42.31565 42.39574 30.07645
22.72799 52.593 37.28005 38.38689 58.24536
35.58376 45.86632 27.85609 48.17553 52.87628
46.30087 37.19643 42.85579 40.04516 48.41354
37.40512 50.08489 39.88962 36.16641 48.22686
27.55695 31.35121 27.64486 37.8451 41.39011
27.32626 43.68275 57.10327 41.03148 15.17619
44.68299 40.95894 36.1925 35.92148 41.57358
40.96374 41.24508 28.02987 18.89651 35.99215
47.62539 39.80444 40.31584 46.71101 42.07596
25.72448 36.15853 34.09291 24.5408 49.75548
39.75052 34.60849 35.85885 55.32442 57.48487
43.54536 56.23651 44.15902 34.26243 30.76205
44.88628 32.04023 57.503 35.67201 56.67215
37.68293 48.46848 45.02479 42.78403 35.6605
25.11518 47.10198 41.27225 43.90554 40.77907
38.94128 51.06725 37.09139 44.69008 49.16747
41.20204 52.50509 40.54943 40.45728 47.47889
30.90759 28.16416 58.1338 24.9462 40.33286
22.98507 40.40518 61.762 36.61571 49.4681
31.01348 37.97399 34.45071 23.48208 24.58105
41.01224 51.47605 30.18789 32.21387 41.94925
44.59296 39.20043 48.63067 31.00367 35.99011
40.15965 22.78299 32.53669 55.92488 15.63241
48.29209 33.84964 30.45175 32.40499 31.84097
45.1776 39.23189 21.2759 49.89383 35.92377
29.14363 47.94401 47.37688 57.37446 29.85131
39.65316 34.43089 20.79848 45.58596 49.03857
31.6215 44.28188 49.04304 48.72695 38.9182
43.3672 34.60053 37.14212 48.78983 52.20254
34.3423 55.43799 36.18497 45.44025 40.51168
26.18135 38.56952 41.86255 37.70627 24.46581
35.34028 52.35491 35.07271 26.8577 44.35168
36.13364 48.57984 48.44065 23.26971 46.86986
40.12947 48.80224 51.25359 43.34525 44.02314
41.42828 39.66468 44.19199 38.18392 27.89328
40.20253 49.07162 20.57093 41.99879 36.32059
43.4843 33.14603 57.67078 53.26857 29.51025
33.52831 45.77825 41.46049 47.82741 57.59748
56.06302 22.59774 52.86943 38.39291 16.11324
35.08611 36.95128 35.59673 11.8365 17.52284
36.89931 44.87843 40.50883 28.10267 31.81357
30.06452 35.82215 51.64406 51.5352 34.66854
51.91887 40.90358 52.10781 43.44663 46.70359
48.03015 58.83613 42.87324 42.16343 53.68486
47.75985 33.44294 38.64513 52.42155 42.79645
22.7014 48.77257 42.84914 25.18388 30.9199
37.07612 25.41718 29.80031 44.39657 33.57186
29.7569 50.68044 52.17352 30.18795 51.71315
42.77795 39.98468 33.46162 47.28405 33.43318
35.29243 37.42634 39.99759 39.21403 46.34915
32.12591 48.57573 49.39698 39.77709 40.95412
33.65066 45.0844 41.76768 45.80191 45.42996
33.02581 36.22463 39.74918 21.94835 30.13113
39.45038 60.03855 49.33507 42.47459 45.45169
40.62371 37.56275 53.46169 64.78313 38.73186
44.84076 37.01477 42.78212 33.21623 47.93199
61.07076 44.46145 38.64653 51.44983 46.4644
51.4397 29.26747 26.79635 43.68 45.16557
42.49646 33.19401 35.16544 43.19921 38.47133
41.30995 46.53581 38.70053 42.15731 37.8225
53.19352 39.32599 43.33016 34.49727 20.6118
30.42547 36.98092 42.61714 72.33584 27.07423
46.49811 42.22147 37.33423 42.80673 42.77984
43.19847 33.02689 44.07721 54.28258 47.3526
46.00388 47.70317 39.28192 28.25585 22.96259
30.27729 33.35524 17.94488 56.82633 49.9737
54.57255 27.46723 26.37232 29.6373 38.81199
42.26746 35.97131 29.91256 30.78587 39.73658
41.76522 47.26116 36.77685 30.4307 35.99139
44.52116 43.59648 24.14534 23.29689 39.37765
27.67229 25.43689 33.06245 39.6846 47.84713
48.47818 24.85514 35.57063 46.8733 20.12161
28.78373 45.3264 29.24624 46.63728 30.18171
45.2624 46.83927 42.05203 53.92465 28.54384
37.56674 31.71606 49.08539 45.93187 37.07252
28.91267 54.27645 34.34687 37.2146 37.33133
30.68134 24.6607 40.00723 43.27332 46.05316
36.77035 34.71623 57.63962 43.87921 33.70204
45.10314 31.54862 55.89641 47.28095 40.73856
30.40456 50.50718 29.06417 41.84694 52.00242
33.73886 60.16192 26.63077 51.66264 44.0901
44.31924 44.1061 48.17891 26.14658 57.5995
25.79078 33.87251 25.76768 40.50036 58.58914
43.58467 52.20439 31.42054 38.27897 33.25313
40.24212 37.02143 47.06187 40.10293 30.94144
31.49953 41.91385 48.7267 49.52892 54.76598
43.51483 43.09913 31.94199 51.35409 53.49824
41.08648 41.30519 43.8372 28.24336 36.62948
42.44461 49.46511 50.09764 47.1016 39.74726
48.53378 51.56097 27.23267 33.59666 49.45442
48.2743 41.81028 36.94684 26.27612 34.60897
27.8036 42.47723 44.15253 38.85358 33.65304
22.22343 34.77337 39.28744 55.27241 41.55368
34.34028 37.83892 25.35706 35.41724 56.64032
48.98175 48.88188 41.22846 43.64562 43.29223
46.01085 30.05023 51.60807 41.2649 22.88266
45.60479 39.4324 41.48965 32.9151 35.74617
39.52537 53.21212 57.00378 49.82769 51.10485
29.64843 51.43848 38.7268 53.23543 35.63135
44.07956 34.80683 41.12996 25.86735 35.17799
26.01008 37.28787 29.68547 31.06424 35.10925
29.6473 50.08674 35.06224 42.12236 43.29257
49.99261 39.41484 43.76948 36.68307 40.55066
34.30739 42.87314 50.40768 42.36146 40.18154
42.67687 38.35171 43.99529 40.97205 51.94772
49.37055 42.41929 34.51747 40.59177 51.00859
56.20576 45.46932 48.95245 30.12051 51.34638
31.54582 31.2235 35.50025 42.42299 28.42623
36.67568 27.9499 40.3576 56.63445 27.12106
51.953 34.03125 35.1481 24.60638 43.14638
50.31985 45.14698 40.07649 54.06033 44.7037
48.24869 33.27245 56.10876 32.92479 32.62554
32.69798 49.69936 21.3949 32.98874 43.16089
35.55152 56.69714 29.72264 37.09025 38.63445
49.73175 25.74709 30.83974 32.75224 22.72559
41.54003 32.06306 54.55236 41.27263 43.40598
30.6599 38.93676 45.35813 40.26804 46.57542
60.12657 38.10549 20.36953 35.12374 29.67088
36.17846 62.49236 28.72885 38.39806 48.35144
38.54227 61.04125 48.41258 46.59892 30.4637
45.27798 60.42849 55.23223 43.0446 43.1927
40.59933 56.0693 36.25231 35.9648 45.6251
39.85926 27.64657 52.61805 39.54557 30.35629
42.68486 43.06681 42.27264 29.68896 53.56353
49.54719 40.92634 52.81548 39.6315 41.62733
29.72658 39.63466 23.42263 41.80382 39.92502
27.51922 28.14421 52.14937 21.64203 21.58738
32.56791 31.81304 50.64381 40.66031 32.05271
31.16646 39.77862 20.37969 43.22965 41.17072
40.99791 43.74115 48.44596 26.92154 33.80915
30.41763 47.15238 53.99072 32.30893 59.3636
34.92552 38.82815 63.26891 41.00606 28.29796
33.54696 27.88138 26.73734 37.37087 47.29907
33.481 54.28347 45.93256 31.65989 54.69876
48.60959 34.2377 39.94153 41.20466 53.2631
29.21343 40.61182 53.2319 31.4853 38.6077
31.4251 34.74472 39.8442 47.02592 28.36122
29.42659 24.19033 57.06899 10.8581 57.18174
33.99549 23.45904 55.32119 33.53334 47.44907
35.12926 45.37718 44.41928 31.76712 40.24318
39.49094 43.96735 36.63312 41.02292 47.19261
34.16252 33.10106 53.40566 58.70681 44.73728
27.63942 15.32769 47.97148 52.23691 42.19034
34.18907 61.48512 40.56198 43.70756 35.64199
34.83084 49.55421 30.22589 30.33951 29.9224
30.71193 25.93413 33.00779 40.85816 39.18471
36.03601 44.68436 52.52693 40.84073 42.37047
48.13588 40.06065 63.35828 51.34841 41.99009
57.00013 40.1629 48.55667 31.76007 24.73125
54.83626 61.8075 50.65378 43.0726 47.30723
37.24424 32.85326 46.87217 40.05844 35.84462
48.37045 50.35311 49.48803 34.9158 36.91102
49.62741 28.9123 39.34353 33.49303 35.92552
52.92308 27.52476 44.85931 59.20673 25.78358
33.62322 46.3846 51.21249 27.96593 43.91915
27.25926 42.25673 35.55196 26.70153 62.55192
46.5958 32.17482 26.78743 44.08767 20.87299
43.52593 51.75137 20.18067 38.66947 57.42344
42.47073 31.87008 47.14292 39.15383 45.85605
47.07689 48.93088 29.68387 52.28785 53.17518
34.29434 38.49906 35.50371 46.07718 26.42268
42.25397 21.99959 26.87802 40.33304 50.90454
51.05076 61.28941 36.31118 41.53254 33.12001
45.35243 32.25121 37.45091 41.71125 28.44074
54.83725 40.72648 49.26273 33.73203 39.75265
57.00484 51.29905 46.88222 30.45731 35.90841
56.70601 29.17773 41.94279 49.65696 39.36102
16.44081 42.41516 27.55393 34.79192 33.02649
46.6203 54.4102 27.63023 42.20171 41.53468
44.11504 46.02698 25.37703 39.72947 39.65315
33.7576 41.40625 41.54797 37.6507 35.80605
32.51242 46.78771 48.035 51.23889 32.4455
41.32622 51.49365 40.45546 31.79703 24.13088
36.45366 42.17352 54.03825 23.17093 42.18623
26.08127 52.72711 45.04343 50.92697 38.55712
52.30541 45.21275 42.56711 37.04869 42.40367
38.04601 26.9645 48.0516 44.95246 45.12796
41.01201 49.37514 56.1364 42.85831 45.61155
50.90847 24.23064 37.17446 35.04499 39.01594
42.12683 19.27324 27.39912 43.44741 42.72141
56.55376 46.95979 33.45464 45.89056 49.06789
27.42383 42.45173 30.64218 51.50133 54.57673
50.37912 24.89765 45.74199 61.60477 39.15346
21.00409 32.11769 48.76404 40.37433 57.64488
30.21071 28.86079 22.21287 52.77115 40.24019
33.54329 52.47293 46.14774 44.82961 44.12328
47.58227 36.87842 32.53351 35.2823 51.9179
46.21126 38.9036 55.42338 36.97203 36.65723
31.64544 31.81779 45.14762 34.51316 52.06362
40.61068 49.79107 36.48682 49.93815 31.21039
30.63505 10.48586 40.57532 45.56855 27.91888
30.86107 37.61388 46.6611 28.7288 47.17917
30.38445 30.37048 39.94773 38.74702 29.62115
27.43671 39.26327 35.77721 26.32983 60.94891
44.84792 44.20109 22.88393 41.32961 41.50403
37.53033 33.61173 31.86506 32.48331 31.33159
48.53465 48.89616 14.81519 47.60229 48.05689
30.40503 40.37083 51.24928 47.40891 26.8629
33.43176 40.55957 35.08515 39.59582 37.98407
31.6619 38.37377 42.50014 26.96201 31.02523
46.16102 30.47747 46.32759 35.66355 32.95951
41.51416 31.71462 49.90233 44.67743 35.44045
35.7087 44.14298 37.36863 23.29542 67.43507
48.67241 25.15492 36.94832 40.78468 34.76947
37.02043 45.60325 40.68562 49.15099 30.15802
35.58551 44.45072 44.19649 31.45802 36.44977
37.18883 40.26405 36.61773 35.79448 33.82361
48.38386 46.76786 18.93775 26.07082 45.00131
37.68103 42.61004 52.97852 46.09185 52.13078
31.01292 27.74072 42.38993 49.44819 25.61959
36.04899 42.93781 27.6935 54.9921 40.63632
61.39456 28.75346 42.41803 24.2695 53.08757
21.17906 33.41179 49.50164 56.60487 42.7017
27.5319 32.93541 32.37004 30.88278 59.69803
31.78196 35.48659 24.81928 45.02553 30.99566
